#Pa_CSFR_z0.02_f1
#age = 10 Myrs
#1221
#wave, log(total), log(stellar), log(nebular), log(total+elines) [ergs/sec/Hz]
     91.00  13.32111  13.32111 -99.00000  13.32111
     94.00  13.33532  13.33532 -99.00000  13.33532
     96.00  13.34444  13.34444 -99.00000  13.34444
     98.00  13.35340  13.35340 -99.00000  13.35340
    100.00  13.36223  13.36223 -99.00000  13.36223
    102.00  13.37074  13.37074 -99.00000  13.37074
    104.00  13.37919  13.37919 -99.00000  13.37919
    106.00  13.38736  13.38736 -99.00000  13.38736
    108.00  13.39552  13.39552 -99.00000  13.39552
    110.00  13.40345  13.40345 -99.00000  13.40345
    114.00  13.41897  13.41897 -99.00000  13.41897
    118.00  13.43409  13.43409 -99.00000  13.43409
    121.00  13.44487  13.44487 -99.00000  13.44487
    125.00  13.45893  13.45893 -99.00000  13.45893
    127.00  13.46584  13.46584 -99.00000  13.46584
    128.00  13.46945  13.46945 -99.00000  13.46945
    131.00  13.47925  13.47925 -99.00000  13.47925
    132.00  13.48282  13.48282 -99.00000  13.48282
    134.00  13.48919  13.48919 -99.00000  13.48919
    137.00  13.49875  13.49875 -99.00000  13.49875
    140.00  13.50827  13.50827 -99.00000  13.50827
    143.00  13.51749  13.51749 -99.00000  13.51749
    147.00  13.52959  13.52959 -99.00000  13.52959
    151.00  13.54104  13.54104 -99.00000  13.54104
    155.00  13.55252  13.55252 -99.00000  13.55252
    159.00  13.56345  13.56345 -99.00000  13.56345
    162.00  13.57161  13.57161 -99.00000  13.57161
    166.00  13.58213  13.58213 -99.00000  13.58213
    170.00  13.59259  13.59259 -99.00000  13.59259
    173.00  13.60023  13.60023 -99.00000  13.60023
    177.00  13.61018  13.61018 -99.00000  13.61018
    180.00  13.61729  13.61729 -99.00000  13.61729
    182.00  13.62233  13.62233 -99.00000  13.62233
    186.00  13.63157  13.63157 -99.00000  13.63157
    191.00  13.64314  13.64314 -99.00000  13.64314
    194.00  13.64981  13.64981 -99.00000  13.64981
    198.00  13.65891  13.65891 -99.00000  13.65891
    202.00  10.60059  10.60059 -99.00000  10.60059
    205.00  10.98949  10.98949 -99.00000  10.98949
    210.00  11.28796  11.28796 -99.00000  11.28796
    216.00  11.49158  11.49158 -99.00000  11.49158
    220.00  11.58889  11.58889 -99.00000  11.58889
    223.00  11.64996  11.64996 -99.00000  11.64996
    227.00  11.72028  11.72028 -99.00000  11.72028
    230.00  12.12839  12.12839 -99.00000  12.12839
    234.00  12.75118  12.75118 -99.00000  12.75118
    240.00  12.97849  12.97849 -99.00000  12.97849
    246.00  13.24754  13.24754 -99.00000  13.24754
    252.00  13.80328  13.80328 -99.00000  13.80328
    257.00  14.13262  14.13262 -99.00000  14.13262
    260.00  14.09057  14.09057 -99.00000  14.09057
    264.00  14.68010  14.68010 -99.00000  14.68010
    269.00  14.77219  14.77219 -99.00000  14.77219
    274.00  14.83968  14.83968 -99.00000  14.83968
    279.00  14.67349  14.67349 -99.00000  14.67349
    284.00  14.95051  14.95051 -99.00000  14.95051
    290.00  15.05649  15.05649 -99.00000  15.05649
    296.00  14.99680  14.99680 -99.00000  14.99680
    301.00  14.94593  14.94593 -99.00000  14.94593
    308.00  15.08835  15.08835 -99.00000  15.08835
    318.00  15.13476  15.13476 -99.00000  15.13476
    328.00  15.22081  15.22081 -99.00000  15.22081
    338.00  15.23228  15.23228 -99.00000  15.23228
    348.00  15.23709  15.23709 -99.00000  15.23709
    357.00  15.49695  15.49695 -99.00000  15.49695
    366.00  15.77680  15.77680 -99.00000  15.77680
    375.00  15.79170  15.79170 -99.00000  15.79170
    385.00  15.69683  15.69683 -99.00000  15.69683
    395.00  15.92970  15.92970 -99.00000  15.92970
    405.00  16.05565  16.05565 -99.00000  16.05565
    414.00  16.07097  16.07097 -99.00000  16.07097
    422.00  16.04151  16.04151 -99.00000  16.04151
    430.00  16.03240  16.03240 -99.00000  16.03240
    441.00  16.12577  16.12577 -99.00000  16.12577
    451.00  16.15346  16.15346 -99.00000  16.15346
    460.00  16.10796  16.10796 -99.00000  16.10796
    470.00  16.13195  16.13195 -99.00000  16.13195
    480.00  16.20225  16.20225 -99.00000  16.20225
    490.00  16.13740  16.13740 -99.00000  16.13740
    500.00  16.24922  16.24922 -99.00000  16.24922
    506.00  16.20370  16.20370 -99.00000  16.20370
    512.00  16.44983  16.44983 -99.00000  16.44983
    520.00  16.43552  16.43552 -99.00000  16.43552
    530.00  16.40894  16.40894 -99.00000  16.40894
    540.00  16.33620  16.33620 -99.00000  16.33620
    550.00  16.33828  16.33828 -99.00000  16.33828
    560.00  16.47403  16.47403 -99.00000  16.47403
    570.00  16.53125  16.53125 -99.00000  16.53125
    580.00  16.52782  16.52782 -99.00000  16.52782
    590.00  16.54574  16.54574 -99.00000  16.54574
    600.00  16.47509  16.47509 -99.00000  16.47509
    610.00  16.48128  16.48128 -99.00000  16.48128
    620.00  16.59254  16.59254 -99.00000  16.59254
    630.00  16.57593  16.57593 -99.00000  16.57593
    640.00  16.62286  16.62286 -99.00000  16.62286
    650.00  16.61339  16.61339 -99.00000  16.61339
    658.00  16.58122  16.58122 -99.00000  16.58122
    665.00  16.63854  16.63854 -99.00000  16.63854
    675.00  16.66924  16.66924 -99.00000  16.66924
    685.00  16.60521  16.60521 -99.00000  16.60521
    695.00  16.67911  16.67911 -99.00000  16.67911
    705.00  16.58858  16.58858 -99.00000  16.58858
    716.00  16.70862  16.70862 -99.00000  16.70862
    726.00  16.71838  16.71838 -99.00000  16.71838
    735.00  16.72650  16.72650 -99.00000  16.72650
    745.00  16.71686  16.71686 -99.00000  16.71686
    755.00  16.71992  16.71992 -99.00000  16.71992
    765.00  16.68119  16.68119 -99.00000  16.68119
    775.00  16.73174  16.73174 -99.00000  16.73174
    785.00  16.70349  16.70349 -99.00000  16.70349
    795.00  16.73876  16.73876 -99.00000  16.73876
    805.00  16.75212  16.75212 -99.00000  16.75212
    815.00  16.75984  16.75984 -99.00000  16.75984
    825.00  16.77149  16.77149 -99.00000  16.77149
    835.00  16.67461  16.67461 -99.00000  16.67461
    845.00  16.77250  16.77250 -99.00000  16.77250
    855.00  16.77074  16.77074 -99.00000  16.77074
    865.00  16.79007  16.79007 -99.00000  16.79007
    875.00  16.79594  16.79594 -99.00000  16.79594
    885.00  16.80093  16.80093 -99.00000  16.80093
    895.00  16.80666  16.80666 -99.00000  16.80666
    905.00  16.80301  16.80301 -99.00000  16.80301
    915.00  16.79119  16.79053  13.96889  16.79119
    925.00  17.13570  17.13570 -99.00000  17.13570
    935.00  17.31507  17.31507 -99.00000  17.31507
    945.00  17.41300  17.41300 -99.00000  17.41300
    955.00  17.45948  17.45948 -99.00000  17.45948
    965.00  17.49439  17.49295  15.01510  17.49439
    975.00  17.17549  17.17549 -99.00000  17.17549
    985.00  17.40480  17.40480 -99.00000  17.40480
    995.00  17.38095  17.38095 -99.00000  17.38095
   1005.00  17.45188  17.45188 -99.00000  17.45188
   1015.00  17.47487  17.47487 -99.00000  17.47487
   1025.00  17.38472  17.38472 -99.00000  17.38472
   1035.00  17.46025  17.46025 -99.00000  17.46025
   1045.00  17.54336  17.54320  14.08428  17.54336
   1055.00  17.52924  17.52924 -99.00000  17.52924
   1065.00  17.47840  17.47822  14.10075  17.47840
   1075.00  17.50548  17.50548 -99.00000  17.50548
   1085.00  17.47272  17.47272 -99.00000  17.47272
   1095.00  17.51908  17.51908 -99.00000  17.51908
   1105.00  17.50465  17.50465 -99.00000  17.50465
   1115.00  17.50229  17.50229 -99.00000  17.50229
   1125.00  17.45413  17.45413 -99.00000  17.45413
   1135.00  17.51093  17.51093 -99.00000  17.51094
   1145.00  17.49980  17.49960  14.16366  17.49989
   1155.00  17.49424  17.49424 -99.00000  17.49516
   1165.00  17.48467  17.48467 -99.00000  17.49116
   1175.00  17.33479  17.33479 -99.00000  17.37793
   1185.00  17.46794  17.46794 -99.00000  17.57075
   1195.00  17.44639  17.44639 -99.00000  17.67431
   1205.00  17.41236  17.41182  14.50905  17.77378
   1215.00  17.34966  17.34775  14.99335  17.80392
   1225.00  17.44389  17.44101  15.26371  17.80448
   1235.00  17.48277  17.47936  15.37551  17.72054
   1245.00  17.48685  17.48244  15.49166  17.60568
   1255.00  17.48471  17.47919  15.58576  17.52513
   1265.00  17.49302  17.48677  15.64817  17.50199
   1275.00  17.51472  17.50795  15.70423  17.51606
   1285.00  17.51970  17.51192  15.76900  17.51988
   1295.00  17.48807  17.47876  15.81465  17.48829
   1305.00  17.49388  17.48401  15.84547  17.49457
   1315.00  17.52766  17.51788  15.87496  17.52916
   1325.00  17.51563  17.50543  15.88154  17.51822
   1335.00  17.50532  17.49443  15.89907  17.50848
   1345.00  17.52011  17.50889  15.92674  17.52268
   1355.00  17.51361  17.50205  15.93317  17.51516
   1365.00  17.49793  17.48516  15.95977  17.49861
   1375.00  17.49253  17.47941  15.96611  17.49273
   1385.00  17.48911  17.47538  15.98216  17.48915
   1395.00  17.36316  17.34401  15.99795  17.36317
   1405.00  17.33624  17.31554  16.00416  17.33624
   1415.00  17.47895  17.46394  16.01032  17.47895
   1425.00  17.45898  17.44302  16.01643  17.45898
   1435.00  17.48367  17.46838  16.02251  17.48367
   1442.00  17.48416  17.46874  16.02674  17.48416
   1447.00  17.48359  17.46804  16.02974  17.48359
   1455.00  17.47225  17.45646  16.02499  17.47225
   1465.00  17.46144  17.44502  16.03093  17.46144
   1475.00  17.46874  17.45237  16.03684  17.46874
   1485.00  17.47408  17.45769  16.04271  17.47408
   1495.00  17.46850  17.45128  16.05809  17.46850
   1505.00  17.45711  17.43958  16.05433  17.45711
   1512.00  17.43700  17.41845  16.05836  17.43700
   1517.00  17.44505  17.42672  16.06123  17.44505
   1525.00  17.44444  17.42589  16.06580  17.44444
   1535.00  17.39245  17.37169  16.06172  17.39245
   1545.00  17.32296  17.29815  16.06736  17.32296
   1555.00  17.33622  17.31243  16.06298  17.33622
   1565.00  17.39692  17.37604  16.06854  17.39692
   1575.00  17.42356  17.40369  16.07408  17.42356
   1585.00  17.43027  17.41093  16.06935  17.43027
   1595.00  17.43221  17.41318  16.06435  17.43221
   1605.00  17.42182  17.40158  16.08025  17.42182
   1615.00  17.41460  17.39426  16.07518  17.41461
   1625.00  17.41880  17.39840  16.08054  17.41884
   1635.00  17.43336  17.41390  16.07514  17.43348
   1645.00  17.43334  17.41414  16.06944  17.43361
   1655.00  17.43818  17.41895  16.07471  17.43860
   1665.00  17.44225  17.42297  16.07994  17.44271
   1672.00  17.41773  17.39713  16.08358  17.41815
   1677.00  17.46597  17.44795  16.07490  17.46628
   1685.00  17.45638  17.43827  16.06745  17.45657
   1695.00  17.44495  17.42560  16.08417  17.44503
   1705.00  17.44100  17.42177  16.07770  17.44102
   1715.00  17.42563  17.40544  16.08278  17.42563
   1725.00  17.41983  17.39970  16.07593  17.41983
   1735.00  17.43872  17.41979  16.06871  17.43872
   1745.00  17.43587  17.41658  16.07371  17.43587
   1755.00  17.43872  17.41991  16.06608  17.43872
   1765.00  17.43479  17.41558  16.07102  17.43479
   1775.00  17.42365  17.40370  16.07592  17.42365
   1785.00  17.43333  17.41360  16.08080  17.43333
   1795.00  17.43562  17.41637  16.07269  17.43562
   1805.00  17.43976  17.42048  16.07752  17.43976
   1815.00  17.41950  17.39905  16.08231  17.41950
   1825.00  17.42591  17.40616  16.07372  17.42591
   1835.00  17.42409  17.40404  16.07847  17.42409
   1845.00  17.40405  17.38347  16.06940  17.40407
   1855.00  17.40894  17.38769  16.08788  17.40906
   1865.00  17.41458  17.39406  16.07877  17.41520
   1875.00  17.42155  17.40181  16.06917  17.42374
   1885.00  17.39807  17.37627  16.08803  17.40394
   1895.00  17.38759  17.36499  16.09263  17.39835
   1905.00  17.40868  17.38766  16.08296  17.42171
   1915.00  17.39543  17.37426  16.07278  17.40755
   1925.00  17.37894  17.35669  16.07731  17.38701
   1935.00  17.40274  17.38149  16.08181  17.40620
   1945.00  17.41042  17.38933  16.08628  17.41151
   1955.00  17.38008  17.35799  16.07550  17.38034
   1967.00  17.40546  17.38440  16.08081  17.40549
   1976.00  17.41664  17.39593  16.08478  17.41664
   1984.00  17.40223  17.38062  16.08829  17.40223
   1995.00  17.39675  17.37461  16.09309  17.39675
   2005.00  17.40843  17.38667  16.09743  17.40843
   2015.00  17.40703  17.38578  16.08596  17.40703
   2025.00  17.41477  17.39370  16.09026  17.41477
   2035.00  17.39533  17.37389  16.07815  17.39533
   2045.00  17.39886  17.37738  16.08241  17.39886
   2055.00  17.33772  17.31265  16.08664  17.33772
   2065.00  17.36891  17.34539  16.09086  17.36891
   2074.00  17.41350  17.39215  16.09464  17.41350
   2078.00  17.39095  17.36833  16.09631  17.39095
   2085.00  17.40143  17.37922  16.09923  17.40144
   2095.00  17.38773  17.36456  16.10339  17.38776
   2105.00  17.39576  17.37370  16.09049  17.39589
   2115.00  17.40193  17.37999  16.09461  17.40231
   2125.00  17.40216  17.38001  16.09870  17.40294
   2135.00  17.39945  17.37694  16.10278  17.40059
   2145.00  17.39041  17.36815  16.08911  17.39162
   2155.00  17.40092  17.37899  16.09315  17.40178
   2165.00  17.39439  17.37095  16.11490  17.39484
   2175.00  17.39729  17.37476  16.10118  17.39746
   2185.00  17.38959  17.36642  16.10516  17.38963
   2195.00  17.39805  17.37512  16.10913  17.39806
   2205.00  17.39609  17.37384  16.09459  17.39609
   2215.00  17.38885  17.36498  16.11701  17.38885
   2225.00  17.38691  17.36271  16.12092  17.38691
   2235.00  17.38697  17.36255  16.12481  17.38697
   2245.00  17.38667  17.36200  16.12869  17.38667
   2255.00  17.37868  17.35440  16.11407  17.37869
   2265.00  17.38437  17.36019  16.11791  17.38442
   2275.00  17.38419  17.35978  16.12174  17.38455
   2285.00  17.38239  17.35766  16.12555  17.38418
   2295.00  17.36333  17.33722  16.12934  17.36980
   2305.00  17.37301  17.34727  16.13312  17.38841
   2315.00  17.36921  17.34300  16.13688  17.39589
   2325.00  17.33772  17.30922  16.14062  17.37268
   2335.00  17.36252  17.33663  16.12504  17.39147
   2345.00  17.36417  17.33693  16.14806  17.38217
   2355.00  17.36371  17.33743  16.13245  17.37165
   2365.00  17.36003  17.33329  16.13613  17.36252
   2375.00  17.35656  17.32809  16.15910  17.35711
   2385.00  17.34744  17.31941  16.14345  17.34753
   2395.00  17.35329  17.32540  16.14708  17.35330
   2405.00  17.35098  17.32269  16.15070  17.35098
   2415.00  17.35121  17.32269  16.15430  17.35121
   2425.00  17.35367  17.32508  16.15789  17.35367
   2435.00  17.34770  17.31846  16.16147  17.34770
   2445.00  17.35049  17.32119  16.16503  17.35049
   2455.00  17.34938  17.31975  16.16857  17.34938
   2465.00  17.34701  17.31696  16.17210  17.34701
   2475.00  17.34414  17.31364  16.17562  17.34414
   2485.00  17.33995  17.30887  16.17912  17.33995
   2495.00  17.26811  17.23125  16.17864  17.26811
   2505.00  17.33362  17.30154  16.18609  17.33362
   2513.00  17.31813  17.28494  16.18489  17.31813
   2518.00  17.33303  17.30117  16.18261  17.33303
   2525.00  17.33416  17.30251  16.18098  17.33416
   2535.00  17.33502  17.30286  16.18846  17.33502
   2545.00  17.32948  17.29663  16.19188  17.32948
   2555.00  17.33240  17.29936  16.19729  17.33240
   2565.00  17.33115  17.29790  16.19868  17.33115
   2575.00  17.33279  17.29940  16.20206  17.33279
   2585.00  17.33104  17.29724  16.20542  17.33104
   2595.00  17.32798  17.29381  16.20676  17.32798
   2605.00  17.32625  17.29284  16.19573  17.32625
   2615.00  17.32265  17.28869  16.19905  17.32265
   2625.00  17.32389  17.28975  16.20237  17.32389
   2635.00  17.32410  17.28971  16.20567  17.32410
   2645.00  17.32486  17.29009  16.21104  17.32486
   2655.00  17.32482  17.28976  16.21432  17.32482
   2665.00  17.31677  17.28075  16.21759  17.31677
   2675.00  17.31664  17.28033  16.22084  17.31664
   2685.00  17.31878  17.28237  16.22408  17.31878
   2695.00  17.31186  17.27437  16.22938  17.31186
   2705.00  17.31142  17.27360  16.23260  17.31142
   2715.00  17.30994  17.27169  16.23581  17.30994
   2725.00  17.31036  17.27185  16.23900  17.31036
   2735.00  17.30701  17.26770  16.24424  17.30702
   2745.00  17.30540  17.26563  16.24741  17.30551
   2755.00  17.30520  17.26511  16.25057  17.30577
   2765.00  17.30430  17.26361  16.25577  17.30641
   2775.00  17.30798  17.26715  16.26095  17.31348
   2785.00  17.30469  17.26342  16.26203  17.31497
   2795.00  17.29290  17.24970  16.26922  17.30677
   2805.00  17.29882  17.25591  16.27233  17.31161
   2815.00  17.30340  17.26064  16.27542  17.31180
   2825.00  17.30160  17.25833  16.27850  17.30556
   2835.00  17.29444  17.24988  16.28359  17.29577
   2845.00  17.29709  17.25248  16.28665  17.29740
   2855.00  17.29502  17.24985  16.28970  17.29507
   2865.00  17.29626  17.25066  16.29475  17.29627
   2875.00  17.29469  17.24859  16.29778  17.29469
   2885.00  17.29417  17.24767  16.30079  17.29417
   2895.00  17.29218  17.24489  16.30580  17.29218
   2910.00  17.29106  17.24288  16.31229  17.29106
   2930.00  17.29018  17.24095  16.32023  17.29018
   2950.00  17.28570  17.23496  16.32811  17.28570
   2970.00  17.28492  17.23311  16.33595  17.28492
   2990.00  17.28178  17.22881  16.34178  17.28178
   3010.00  17.27764  17.22311  16.34953  17.27764
   3030.00  17.27760  17.22176  16.35918  17.27760
   3050.00  17.27724  17.22028  16.36683  17.27724
   3070.00  17.27596  17.21774  16.37443  17.27596
   3090.00  17.27195  17.21204  16.38199  17.27195
   3110.00  17.27257  17.21164  16.38950  17.27257
   3130.00  17.26883  17.20649  16.39507  17.26883
   3150.00  17.26883  17.20532  16.40250  17.26883
   3170.00  17.26597  17.20052  16.41178  17.26597
   3190.00  17.26322  17.19580  16.42098  17.26322
   3210.00  17.26168  17.19276  16.42827  17.26168
   3230.00  17.26124  17.19065  16.43736  17.26124
   3250.00  17.26126  17.18973  16.44273  17.26126
   3270.00  17.25821  17.18448  16.45172  17.25821
   3290.00  17.25766  17.18250  16.45884  17.25766
   3310.00  17.25664  17.17958  16.46772  17.25664
   3330.00  17.25451  17.17565  16.47475  17.25451
   3350.00  17.25205  17.17128  16.48174  17.25205
   3370.00  17.25136  17.16864  16.49047  17.25136
   3390.00  17.25139  17.16684  16.49914  17.25139
   3410.00  17.25058  17.16437  16.50601  17.25058
   3430.00  17.24221  17.15894  16.48399  17.24221
   3450.00  17.24078  17.15571  16.49090  17.24078
   3470.00  17.24142  17.15499  16.49777  17.24142
   3490.00  17.24047  17.15189  16.50645  17.24047
   3510.00  17.24043  17.15030  16.51324  17.24043
   3530.00  17.23979  17.14793  16.51999  17.23979
   3550.00  17.23926  17.14524  16.52852  17.23926
   3570.00  17.23799  17.14203  16.53520  17.23799
   3590.00  17.23520  17.13688  16.54184  17.23520
   3610.00  17.23456  17.13391  16.55023  17.23456
   3630.00  17.23471  17.13238  16.55680  17.23472
   3640.00  17.23387  17.13019  16.56095  17.23393
   3650.00  17.15628  17.13182  15.89491  17.15669
   3670.00  17.15260  17.12812  15.89138  17.16252
   3690.00  17.14408  17.12032  15.87030  17.28263
   3710.00  17.15173  17.12814  15.87499  17.65521
   3730.00  17.14932  17.12583  15.87071  17.80588
   3750.00  17.17489  17.15253  15.87535  17.55613
   3770.00  17.17485  17.15225  15.87997  17.26022
   3790.00  17.19086  17.16933  15.87542  17.22548
   3810.00  17.20863  17.18776  15.87999  17.23874
   3830.00  17.17043  17.14785  15.87520  17.21866
   3850.00  17.21379  17.19364  15.87018  17.30521
   3870.00  17.21433  17.19400  15.87468  17.35825
   3890.00  17.16065  17.13732  15.87916  17.27468
   3910.00  17.21592  17.19523  15.88361  17.24577
   3930.00  17.20065  17.17946  15.87828  17.20870
   3950.00  17.20576  17.18510  15.87271  17.24419
   3970.00  17.13988  17.11549  15.87710  17.22434
   3990.00  17.20584  17.18526  15.87124  17.24419
   4010.00  17.20946  17.18835  15.88580  17.21446
   4030.00  17.20213  17.18094  15.87991  17.20375
   4050.00  17.20628  17.18508  15.88421  17.21901
   4070.00  17.19674  17.17538  15.87802  17.24423
   4090.00  17.18278  17.16047  15.88228  17.29731
   4110.00  17.14775  17.12327  15.88651  17.26904
   4130.00  17.19012  17.16831  15.88001  17.22260
   4150.00  17.19239  17.16993  15.89493  17.19464
   4170.00  17.19174  17.16958  15.88838  17.19178
   4190.00  17.19084  17.16842  15.89254  17.19084
   4210.00  17.18920  17.16706  15.88568  17.18920
   4230.00  17.18663  17.16413  15.88979  17.18663
   4250.00  17.18341  17.16052  15.89389  17.18341
   4270.00  17.17690  17.15343  15.89797  17.17696
   4290.00  17.17654  17.15345  15.89075  17.18045
   4310.00  17.16760  17.14379  15.89479  17.22720
   4330.00  17.15198  17.12703  15.89881  17.35905
   4350.00  17.12566  17.09885  15.90281  17.34605
   4370.00  17.16868  17.14491  15.89521  17.23441
   4390.00  17.16508  17.14020  15.91076  17.17133
   4410.00  17.16538  17.14097  15.90313  17.16568
   4430.00  17.16584  17.14122  15.90706  17.16779
   4450.00  17.16448  17.13955  15.91097  17.18087
   4470.00  17.15763  17.13277  15.90296  17.19251
   4490.00  17.16211  17.13729  15.90684  17.18098
   4510.00  17.16457  17.13966  15.91070  17.16714
   4530.00  17.15862  17.13313  15.91455  17.15871
   4550.00  17.15516  17.12923  15.91837  17.15516
   4570.00  17.15897  17.13304  15.92218  17.15897
   4590.00  17.15365  17.12714  15.92597  17.15365
   4610.00  17.15377  17.12703  15.92975  17.15377
   4630.00  17.14924  17.12197  15.93351  17.14924
   4650.00  17.14341  17.11631  15.92502  17.14341
   4670.00  17.14803  17.12100  15.92875  17.14803
   4690.00  17.14358  17.11683  15.91987  17.14358
   4710.00  17.13872  17.11059  15.93616  17.13872
   4730.00  17.14403  17.11684  15.92725  17.14403
   4750.00  17.14396  17.11652  15.93091  17.14396
   4770.00  17.14479  17.11716  15.93456  17.14479
   4790.00  17.14224  17.11420  15.93820  17.14238
   4810.00  17.13837  17.11069  15.92885  17.14805
   4830.00  17.13682  17.10793  15.94542  17.27866
   4850.00  17.11815  17.08768  15.94901  17.55345
   4870.00  17.08121  17.04868  15.93962  17.56010
   4890.00  17.13019  17.10099  15.94318  17.30124
   4910.00  17.13012  17.09975  15.95969  17.14400
   4930.00  17.12238  17.09213  15.95025  17.12277
   4950.00  17.12802  17.09792  15.95377  17.14329
   4970.00  17.12727  17.09782  15.94391  17.41207
   4990.00  17.12104  17.08992  15.96076  17.97168
   5010.00  17.11036  17.07919  15.95087  18.15692
   5030.00  17.11748  17.08557  15.96770  17.82108
   5050.00  17.11444  17.08306  15.95778  17.26550
   5070.00  17.11788  17.08547  15.97458  17.12243
   5090.00  17.11298  17.08097  15.96463  17.11301
   5110.00  17.11203  17.07968  15.96804  17.11203
   5130.00  17.10656  17.07352  15.97143  17.10657
   5150.00  17.10424  17.07074  15.97481  17.10470
   5170.00  17.10152  17.06753  15.97818  17.10838
   5190.00  17.10180  17.06756  15.98153  17.12681
   5210.00  17.10142  17.06687  15.98487  17.12482
   5230.00  17.10225  17.06749  15.98820  17.10783
   5250.00  17.10242  17.06854  15.97773  17.10275
   5270.00  17.09389  17.05904  15.98103  17.09389
   5290.00  17.10106  17.06653  15.98432  17.10106
   5310.00  17.10111  17.06631  15.98760  17.10111
   5330.00  17.09423  17.05857  15.99086  17.09423
   5350.00  17.09847  17.06409  15.97988  17.09847
   5370.00  17.09806  17.06218  15.99736  17.09806
   5390.00  17.09390  17.05737  16.00059  17.09390
   5410.00  17.08993  17.05402  15.98956  17.08993
   5430.00  17.09072  17.05460  15.99277  17.09072
   5450.00  17.09357  17.05616  16.01020  17.09357
   5470.00  17.08940  17.05132  16.01338  17.08940
   5490.00  17.08867  17.05024  16.01655  17.08867
   5510.00  17.08646  17.04883  16.00547  17.08646
   5530.00  17.08708  17.04922  16.00862  17.08708
   5550.00  17.08767  17.04958  16.01175  17.08767
   5570.00  17.08566  17.04709  16.01488  17.08566
   5590.00  17.08245  17.04466  16.00327  17.08245
   5610.00  17.08480  17.04695  16.00637  17.08480
   5630.00  17.08223  17.04247  16.02419  17.08223
   5650.00  17.08111  17.04094  16.02727  17.08111
   5670.00  17.07722  17.03780  16.01561  17.07722
   5690.00  17.07754  17.03786  16.01867  17.07755
   5710.00  17.07546  17.03528  16.02172  17.07593
   5730.00  17.08166  17.04179  16.02475  17.08688
   5750.00  17.07633  17.03417  16.04250  17.09109
   5770.00  17.07774  17.03689  16.03080  17.08820
   5790.00  17.07301  17.03140  16.03380  17.07490
   5810.00  17.07518  17.03349  16.03680  17.07538
   5830.00  17.07693  17.03511  16.03978  17.08232
   5850.00  17.07410  17.03168  16.04276  17.13543
   5870.00  17.06777  17.02502  16.03969  17.23381
   5890.00  17.06427  17.02053  16.04567  17.19651
   5910.00  17.07023  17.02666  16.05012  17.09827
   5930.00  17.06928  17.02641  16.04241  17.07066
   5950.00  17.06797  17.02417  16.04993  17.06799
   5970.00  17.07036  17.02650  16.05284  17.07036
   5990.00  17.06618  17.02157  16.05575  17.06618
   6010.00  17.06436  17.01957  16.05558  17.06436
   6030.00  17.06594  17.02084  16.06000  17.06594
   6050.00  17.06668  17.02168  16.05981  17.06668
   6070.00  17.06645  17.02111  16.06267  17.06645
   6090.00  17.06112  17.01504  16.06399  17.06112
   6110.00  17.06012  17.01361  16.06684  17.06012
   6130.00  17.05503  17.00779  16.06813  17.05503
   6150.00  17.05531  17.00777  16.07096  17.05531
   6170.00  17.05284  17.00487  16.07222  17.05284
   6190.00  17.05779  17.01007  16.07503  17.05779
   6210.00  17.05639  17.00837  16.07628  17.05639
   6230.00  17.05136  17.00260  16.07750  17.05141
   6250.00  17.04578  16.99601  16.08029  17.04889
   6270.00  17.05175  17.00256  16.08149  17.09928
   6290.00  17.05330  17.00396  16.08426  17.22544
   6310.00  17.04823  16.99813  16.08544  17.23953
   6330.00  17.05051  17.00055  16.08661  17.11982
   6350.00  17.04832  16.99775  16.08935  17.05521
   6370.00  17.04722  16.99618  16.09208  17.04741
   6390.00  17.04878  16.99799  16.09162  17.04878
   6410.00  17.04644  16.99482  16.09593  17.04644
   6430.00  17.04711  16.99543  16.09704  17.04711
   6450.00  17.04619  16.99426  16.09814  17.04619
   6470.00  17.04584  16.99372  16.09922  17.04584
   6490.00  17.04086  16.98776  16.10190  17.04161
   6510.00  17.04420  16.99140  16.10296  17.09537
   6530.00  17.04263  16.98928  16.10563  17.56473
   6550.00  17.03325  16.97830  16.10828  18.13130
   6570.00  16.99740  16.93722  16.10931  18.27056
   6590.00  17.03889  16.98441  16.11033  18.01277
   6610.00  17.04186  16.98744  16.11296  17.48245
   6630.00  17.04172  16.98692  16.11559  17.09273
   6650.00  17.04085  16.98602  16.11494  17.06339
   6670.00  17.03617  16.98058  16.11590  17.13410
   6690.00  17.03871  16.98311  16.11850  17.37743
   6710.00  17.03539  16.97920  16.11945  17.71709
   6730.00  17.03876  16.98268  16.12203  17.74502
   6750.00  17.03602  16.97921  16.12461  17.41761
   6770.00  17.03695  16.98013  16.12553  17.09588
   6790.00  17.03374  16.97635  16.12643  17.03557
   6810.00  17.03481  16.97721  16.12898  17.03482
   6830.00  17.03524  16.97734  16.13153  17.03524
   6850.00  17.03182  16.97330  16.13240  17.03182
   6870.00  17.03360  16.97497  16.13493  17.03360
   6890.00  17.03498  16.97643  16.13579  17.03498
   6910.00  17.03348  16.97459  16.13662  17.03348
   6930.00  17.03129  16.97172  16.13913  17.03129
   6950.00  17.02859  16.96824  16.14164  17.02859
   6970.00  17.03030  16.97008  16.14245  17.03030
   6990.00  17.02850  16.96790  16.14324  17.02850
   7010.00  17.02464  16.96308  16.14572  17.02464
   7030.00  17.02724  16.96571  16.14820  17.02724
   7050.00  17.02944  16.96812  16.14897  17.02944
   7070.00  17.02327  16.96063  16.15143  17.02367
   7090.00  17.02325  16.96022  16.15388  17.04085
   7110.00  17.01790  16.95391  16.15462  17.18573
   7130.00  17.01574  16.95130  16.15535  17.38472
   7150.00  17.01718  16.95285  16.15606  17.30588
   7170.00  17.01811  16.95354  16.15849  17.08517
   7190.00  17.01427  16.94869  16.16091  17.01751
   7210.00  17.01784  16.95273  16.16159  17.01788
   7230.00  17.01800  16.95252  16.16400  17.01800
   7250.00  17.01996  16.95469  16.16466  17.01996
   7270.00  17.01907  16.95327  16.16706  17.01930
   7290.00  17.01377  16.94669  16.16944  17.02125
   7310.00  17.01712  16.95049  16.17008  17.07305
   7330.00  17.01778  16.95087  16.17245  17.12300
   7350.00  17.01737  16.95029  16.17307  17.07327
   7370.00  17.02086  16.95396  16.17543  17.02822
   7390.00  17.01747  16.94962  16.17779  17.01770
   7410.00  17.01593  16.94771  16.17838  17.01593
   7430.00  17.01696  16.94882  16.17896  17.01696
   7450.00  17.01768  16.94926  16.18129  17.01768
   7470.00  17.01722  16.94833  16.18362  17.01722
   7490.00  17.01603  16.94684  16.18418  17.01603
   7510.00  17.01843  16.94925  16.18649  17.01843
   7530.00  17.02019  16.95122  16.18703  17.02019
   7550.00  17.02116  16.95227  16.18755  17.02116
   7570.00  17.01959  16.95003  16.18985  17.01959
   7590.00  17.01805  16.94814  16.19035  17.01805
   7610.00  17.01849  16.94794  16.19442  17.01849
   7630.00  17.01876  16.94817  16.19491  17.01876
   7650.00  17.01820  16.94742  16.19539  17.01820
   7670.00  17.01292  16.94112  16.19585  17.01292
   7690.00  17.01700  16.94552  16.19811  17.01700
   7710.00  17.01378  16.94132  16.20037  17.01378
   7730.00  17.01394  16.94143  16.20080  17.01394
   7750.00  17.01333  16.94029  16.20305  17.01333
   7770.00  17.01421  16.94127  16.20347  17.01421
   7790.00  17.01687  16.94400  16.20570  17.01687
   7810.00  17.01630  16.94291  16.20793  17.01630
   7830.00  17.01458  16.94048  16.21015  17.01458
   7850.00  17.01031  16.93671  16.20314  17.01031
   7870.00  17.01174  16.93799  16.20535  17.01174
   7890.00  17.00512  16.93007  16.20569  17.00512
   7910.00  17.00176  16.92601  16.20601  17.00176
   7930.00  17.00287  16.92691  16.20821  17.00287
   7950.00  16.99986  16.92328  16.20851  16.99986
   7970.00  17.00678  16.93074  16.21258  17.00678
   7990.00  17.00632  16.93050  16.21098  17.00632
   8010.00  17.00667  16.93050  16.21315  17.00667
   8030.00  17.00645  16.92982  16.21531  17.00645
   8050.00  17.00538  16.92849  16.21557  17.00538
   8070.00  17.00399  16.92642  16.21773  17.00399
   8090.00  16.99946  16.92056  16.21988  16.99946
   8110.00  16.99865  16.91954  16.22011  16.99865
   8130.00  17.00231  16.92389  16.22034  17.00231
   8150.00  17.00197  16.92305  16.22247  17.00197
   8170.00  17.00333  16.92426  16.22460  17.00333
   8190.00  16.99985  16.91966  16.22672  16.99985
   8210.00  16.95457  16.91605  15.88333  16.95457
   8230.00  16.95733  16.91887  15.88545  16.95733
   8250.00  16.95824  16.92007  15.88328  16.95824
   8270.00  16.95948  16.92162  15.88106  16.95948
   8290.00  16.95742  16.91879  15.88748  16.95742
   8310.00  16.94862  16.90937  15.88525  16.94862
   8330.00  16.94935  16.90997  15.88734  16.94935
   8350.00  16.95042  16.91094  15.88942  16.95042
   8370.00  16.95125  16.91207  15.88713  16.95125
   8390.00  16.94864  16.90901  15.88921  16.94864
   8410.00  16.95516  16.91596  15.89127  16.95516
   8430.00  16.95186  16.91256  15.88893  16.95186
   8450.00  16.95184  16.91234  15.89099  16.95184
   8470.00  16.94924  16.90931  15.89304  16.94924
   8490.00  16.96042  16.92135  15.89509  16.96042
   8510.00  16.93957  16.89872  15.89268  16.93957
   8530.00  16.96302  16.92381  15.89917  16.96302
   8550.00  16.93327  16.89139  15.89675  16.93327
   8570.00  16.96800  16.92929  15.89878  16.96800
   8590.00  16.95345  16.91360  15.89630  16.95345
   8610.00  16.95284  16.91230  15.90283  16.95284
   8630.00  16.96934  16.93061  15.90034  16.96934
   8650.00  16.96634  16.92714  15.90235  16.96634
   8670.00  16.92941  16.88682  15.89981  16.92941
   8690.00  16.96028  16.92055  15.90181  16.96036
   8710.00  16.96893  16.92985  15.90381  16.97154
   8730.00  16.96594  16.92638  15.90580  16.98718
   8750.00  16.94108  16.89887  15.90779  16.98632
   8770.00  16.96487  16.92482  15.90977  16.98765
   8790.00  16.96973  16.93041  15.90715  16.97273
   8810.00  16.96494  16.92496  15.90913  16.96552
   8830.00  16.96642  16.92639  15.91110  16.97566
   8850.00  16.96137  16.92066  15.91306  17.00490
   8870.00  16.93963  16.89652  15.91502  16.99444
   8890.00  16.96776  16.92775  15.91233  16.98410
   8910.00  16.97266  16.93293  15.91429  16.97391
   8930.00  16.96658  16.92607  15.91623  16.96660
   8950.00  16.96714  16.92696  15.91348  16.96720
   8970.00  16.96770  16.92693  15.92011  16.97022
   8990.00  16.96433  16.92349  15.91735  16.99217
   9010.00  16.93736  16.89357  15.91928  17.04103
   9030.00  16.95568  16.91407  15.91646  17.46545
   9050.00  16.97189  16.93122  15.92313  18.17849
   9070.00  16.96794  16.92717  15.92030  18.43555
   9090.00  16.96078  16.91910  15.92222  18.12100
   9110.00  16.96439  16.92288  15.92413  17.37303
   9130.00  16.97019  16.92955  15.92123  16.98939
   9150.00  16.96845  16.92745  15.92313  16.96860
   9170.00  16.96747  16.92618  15.92503  16.96776
   9190.00  16.96989  16.92865  15.92692  16.97837
   9210.00  16.95806  16.91543  15.92881  17.01904
   9230.00  16.93501  16.89026  15.92584  17.04772
   9250.00  16.95583  16.91258  15.93257  17.00965
   9270.00  16.96125  16.91888  15.92960  16.96782
   9290.00  16.96353  16.92120  15.93147  16.96372
   9310.00  16.96595  16.92416  15.92843  16.96595
   9330.00  16.96454  16.92192  15.93520  16.96454
   9350.00  16.96393  16.92156  15.93215  16.96393
   9370.00  16.96052  16.91710  15.93892  16.96052
   9390.00  16.96349  16.92070  15.93586  16.96349
   9410.00  16.95522  16.91136  15.93771  16.95522
   9430.00  16.96341  16.92074  15.93459  16.96341
   9450.00  16.95833  16.91494  15.93643  16.95833
   9470.00  16.96287  16.91976  15.93827  16.96288
   9490.00  16.96385  16.92065  15.94010  16.96467
   9510.00  16.95968  16.91638  15.93691  16.97913
   9530.00  16.95528  16.91078  15.94375  17.06240
   9550.00  16.92800  16.88025  15.94557  17.08972
   9570.00  16.95260  16.90796  15.94237  17.01773
   9590.00  16.96160  16.91720  15.94920  16.96810
   9610.00  16.95755  16.91306  15.94599  16.95771
   9630.00  16.95655  16.91175  15.94780  16.95655
   9650.00  16.95447  16.90981  15.94452  16.95447
   9670.00  16.95311  16.90810  15.94632  16.95311
   9690.00  16.95746  16.91218  15.95319  16.95746
   9710.00  16.95549  16.90979  15.95498  16.95549
   9730.00  16.95500  16.90961  15.95169  16.95500
   9750.00  16.95281  16.90698  15.95348  16.95281
   9770.00  16.95428  16.90842  15.95526  16.95428
   9790.00  16.95049  16.90400  15.95703  16.95049
   9810.00  16.95722  16.91185  15.95366  16.95722
   9830.00  16.95481  16.90899  15.95543  16.95481
   9850.00  16.95627  16.91041  15.95720  16.95627
   9870.00  16.95475  16.90852  15.95896  16.95475
   9890.00  16.95416  16.90766  15.96072  16.95416
   9910.00  16.95307  16.90684  15.95727  16.95307
   9930.00  16.95434  16.90806  15.95902  16.95434
   9950.00  16.95418  16.90828  15.95551  16.95418
   9970.00  16.95481  16.90878  15.95725  16.95482
   9990.00  16.95350  16.90713  15.95899  16.95447
  10025.00  16.94546  16.89782  15.96203  17.08015
  10075.00  16.93875  16.88981  15.96635  17.06354
  10125.00  16.94860  16.90032  15.97065  16.94862
  10175.00  16.94732  16.89839  15.97493  16.94732
  10225.00  16.94835  16.89967  15.97386  16.94835
  10275.00  16.94934  16.90026  15.97810  16.95390
  10325.00  16.94417  16.89462  15.97692  17.40944
  10375.00  16.94342  16.89327  15.98111  16.96889
  10425.00  16.94475  16.89491  15.97983  16.94475
  10475.00  16.94242  16.89179  15.98398  16.94242
  10525.00  16.94328  16.89224  15.98812  16.94328
  10575.00  16.94113  16.89000  15.98670  16.94113
  10625.00  16.94056  16.88885  15.99080  16.94064
  10675.00  16.93497  16.88202  15.99488  17.02536
  10725.00  16.93653  16.88325  15.99894  16.95714
  10775.00  16.93475  16.88144  15.99737  16.94189
  10825.00  16.93068  16.87630  16.00139  17.53311
  10875.00  16.93169  16.87767  15.99972  16.97138
  10925.00  16.92182  16.86593  16.00370  17.25485
  10975.00  16.92826  16.87349  16.00192  16.98705
  11025.00  16.93262  16.87791  16.00587  16.93262
  11075.00  16.93242  16.87793  16.00397  16.93242
  11125.00  16.93111  16.87592  16.00788  16.93111
  11175.00  16.92887  16.87365  16.00587  16.92887
  11225.00  16.92954  16.87469  16.00375  16.92954
  11275.00  16.92494  16.86895  16.00761  16.92494
  11325.00  16.92439  16.86778  16.01146  16.92439
  11375.00  16.92421  16.86705  16.01528  16.92421
  11425.00  16.92150  16.86428  16.01302  16.92150
  11475.00  16.92620  16.86910  16.01681  16.92620
  11525.00  16.92543  16.86856  16.01443  16.92543
  11575.00  16.92205  16.86417  16.01819  16.92205
  11625.00  16.91854  16.85961  16.02193  16.91854
  11675.00  16.91895  16.85953  16.02566  16.91895
  11725.00  16.92289  16.86443  16.02312  16.92289
  11775.00  16.91770  16.85886  16.02048  16.91770
  11825.00  16.91748  16.85714  16.03050  16.91748
  11875.00  16.91348  16.85294  16.02782  16.91348
  11925.00  16.91987  16.85973  16.03147  16.91987
  11975.00  16.91042  16.84832  16.03511  16.91042
  12025.00  16.91684  16.85614  16.03229  16.91684
  12075.00  16.91432  16.85268  16.03590  16.91432
  12125.00  16.91506  16.85300  16.03949  16.91506
  12175.00  16.91656  16.85517  16.03653  16.91656
  12225.00  16.91515  16.85300  16.04009  16.91515
  12275.00  16.91420  16.85135  16.04363  16.91420
  12325.00  16.91265  16.85004  16.04053  16.91265
  12375.00  16.91319  16.84908  16.05068  16.91319
  12425.00  16.91206  16.84827  16.04755  16.91206
  12475.00  16.91225  16.84794  16.05104  16.91225
  12525.00  16.90906  16.84475  16.04778  16.90906
  12575.00  16.90914  16.84429  16.05124  16.90914
  12625.00  16.90890  16.84345  16.05469  16.90890
  12675.00  16.90718  16.84089  16.05812  16.90718
  12725.00  16.90829  16.84274  16.05470  16.90835
  12775.00  16.90791  16.84174  16.05811  17.20340
  12825.00  16.88973  16.82111  16.05455  17.60507
  12875.00  16.90463  16.83795  16.05793  16.91025
  12925.00  16.90197  16.83428  16.06130  16.90197
  12975.00  16.90593  16.83835  16.06465  16.90593
  13025.00  16.90287  16.83539  16.06093  16.90287
  13075.00  16.90558  16.83800  16.06426  16.90558
  13125.00  16.90176  16.83296  16.06758  16.90176
  13175.00  16.90160  16.83345  16.06370  16.90160
  13225.00  16.90300  16.83328  16.07417  16.90300
  13275.00  16.89893  16.82792  16.07745  16.89893
  13325.00  16.90219  16.83244  16.07353  16.90219
  13375.00  16.89993  16.82922  16.07679  16.89993
  13425.00  16.90285  16.83208  16.08003  16.90285
  13475.00  16.90181  16.83157  16.07596  16.90181
  13525.00  16.90172  16.83090  16.07917  16.90172
  13575.00  16.89755  16.82541  16.08238  16.89755
  13625.00  16.89769  16.82500  16.08557  16.89769
  13675.00  16.89917  16.82616  16.08875  16.89917
  13725.00  16.89960  16.82744  16.08450  16.89960
  13775.00  16.89930  16.82652  16.08766  16.89930
  13825.00  16.90071  16.82761  16.09081  16.90071
  13875.00  16.89860  16.82592  16.08639  16.89860
  13925.00  16.90031  16.82737  16.08951  16.90031
  13975.00  16.90165  16.82839  16.09263  16.90165
  14025.00  16.89724  16.82401  16.08804  16.89724
  14075.00  16.90105  16.82653  16.09882  16.90105
  14125.00  16.89760  16.82329  16.09421  16.89760
  14175.00  16.90103  16.82679  16.09728  16.90103
  14225.00  16.89709  16.82300  16.09251  16.89709
  14275.00  16.89340  16.81805  16.09556  16.89340
  14325.00  16.89944  16.82317  16.10642  16.89944
  14375.00  16.90097  16.82590  16.10163  16.90097
  14425.00  16.89139  16.81545  16.09667  16.89139
  14475.00  16.89940  16.82441  16.09968  16.89940
  14525.00  16.89545  16.81914  16.10267  16.89545
  14570.00  16.89892  16.82275  16.10536  16.89892
  14620.00  16.87549  16.82294  15.93224  16.87549
  14675.00  16.87669  16.82231  15.94741  16.87669
  14725.00  16.87085  16.81721  15.93604  16.87085
  14775.00  16.87295  16.81903  15.94020  16.87295
  14825.00  16.87291  16.81940  15.93704  16.87291
  14875.00  16.87068  16.81633  15.94119  16.87068
  14925.00  16.87746  16.82379  15.94288  16.87746
  14975.00  16.87377  16.81939  15.94456  16.87377
  15025.00  16.87243  16.81781  15.94498  16.87243
  15075.00  16.86962  16.81440  15.94663  16.86962
  15125.00  16.87485  16.82028  15.94702  16.87485
  15175.00  16.87634  16.82176  15.94863  16.87634
  15225.00  16.87787  16.82361  15.94772  16.87787
  15275.00  16.87786  16.82338  15.94930  16.87786
  15325.00  16.87638  16.82149  15.95087  16.87638
  15375.00  16.88214  16.82799  15.95116  16.88214
  15425.00  16.87821  16.82350  15.95141  16.87821
  15475.00  16.88161  16.82733  15.95165  16.88161
  15525.00  16.87799  16.82302  15.95316  16.87799
  15575.00  16.86091  16.80337  15.95465  16.86091
  15625.00  16.87469  16.81904  15.95483  16.87469
  15675.00  16.87100  16.81464  15.95629  16.87100
  15725.00  16.87620  16.82054  15.95642  16.87620
  15775.00  16.85708  16.79872  15.95653  16.85708
  15825.00  16.86441  16.80690  15.95795  16.86441
  15875.00  16.85519  16.79634  15.95802  16.85519
  15925.00  16.86993  16.81299  15.95941  16.86993
  15975.00  16.86339  16.80552  15.95943  16.86339
  16050.00  16.88165  16.82595  15.96215  16.88165
  16150.00  16.87893  16.82268  15.96345  16.87893
  16250.00  16.88349  16.82770  15.96468  16.88349
  16350.00  16.88242  16.82633  15.96584  16.88242
  16450.00  16.87531  16.81807  15.96693  17.08997
  16550.00  16.87911  16.82226  15.96794  16.87911
  16650.00  16.87774  16.82036  15.97032  16.87774
  16750.00  16.87266  16.81443  15.97120  16.87266
  16850.00  16.86483  16.80514  15.97346  16.86483
  16950.00  16.87204  16.81329  15.97421  16.87204
  17050.00  16.86312  16.80275  15.97636  16.86312
  17150.00  16.86560  16.80550  15.97697  16.86560
  17250.00  16.85684  16.79535  15.97751  16.85684
  17350.00  16.84953  16.78660  15.97949  16.84953
  17450.00  16.85229  16.78949  15.98142  16.85229
  17550.00  16.85007  16.78663  15.98331  16.85007
  17650.00  16.84840  16.78441  15.98514  16.84840
  17750.00  16.84432  16.77964  15.98535  16.84432
  17850.00  16.84441  16.77947  15.98707  16.84441
  17950.00  16.84079  16.77499  15.98874  16.84079
  18050.00  16.83601  16.76916  15.99037  16.83601
  18150.00  16.83085  16.76287  15.99194  16.83085
  18250.00  16.83045  16.76214  15.99345  16.83045
  18350.00  16.82845  16.75982  15.99328  16.82845
  18450.00  16.82395  16.75430  15.99468  16.82395
  18550.00  16.82373  16.75382  15.99603  16.82373
  18650.00  16.81704  16.74541  15.99902  16.81704
  18750.00  16.81024  16.73715  16.00029  17.77621
  18850.00  16.81518  16.74277  16.00150  16.81518
  18950.00  16.80356  16.72847  16.00439  16.80356
  19050.00  16.81309  16.73957  16.00551  16.81309
  19150.00  16.80915  16.73469  16.00658  16.80915
  19250.00  16.80795  16.73274  16.00936  16.80795
  19350.00  16.80145  16.72448  16.01211  16.80145
  19450.00  16.79333  16.71457  16.01305  16.99388
  19550.00  16.80015  16.72222  16.01573  16.80015
  19650.00  16.79698  16.71860  16.01479  16.79698
  19750.00  16.79337  16.71375  16.01739  16.79337
  19850.00  16.79291  16.71268  16.01997  16.79291
  19950.00  16.79097  16.71020  16.02068  16.79097
  20050.00  16.79195  16.71086  16.02319  16.79195
  20150.00  16.79049  16.70860  16.02567  16.79049
  20250.00  16.78330  16.69978  16.02625  16.78330
  20350.00  16.78128  16.69680  16.02866  16.78128
  20450.00  16.78464  16.70078  16.02916  16.78464
  20550.00  16.78095  16.69579  16.03151  16.93293
  20650.00  16.77770  16.69133  16.03382  16.77796
  20750.00  16.77651  16.68979  16.03419  16.77651
  20850.00  16.77353  16.68565  16.03644  16.77353
  20950.00  16.76998  16.68079  16.03866  16.76998
  21050.00  16.77162  16.68276  16.03890  16.77162
  21150.00  16.76763  16.67690  16.04302  16.76764
  21250.00  16.76526  16.67394  16.04319  16.94959
  21350.00  16.76652  16.67500  16.04529  16.76652
  21450.00  16.76397  16.67184  16.04536  16.76397
  21550.00  16.76142  16.66820  16.04740  16.76142
  21650.00  16.75423  16.65877  16.04940  17.09993
  21750.00  16.75499  16.65974  16.04935  16.75499
  21850.00  16.75437  16.65798  16.05333  16.75437
  21950.00  16.75369  16.65716  16.05320  16.75369
  22050.00  16.74780  16.64932  16.05508  16.74780
  22150.00  16.75060  16.65235  16.05694  16.75060
  22250.00  16.74468  16.64445  16.05877  16.74468
  22350.00  16.74378  16.64283  16.06057  16.74378
  22450.00  16.74266  16.64096  16.06235  16.74266
  22550.00  16.74121  16.63866  16.06409  16.74121
  22650.00  16.73710  16.63298  16.06581  16.73710
  22750.00  16.73915  16.63571  16.06536  16.73915
  22850.00  16.71719  16.62904  15.98130  16.71719
  22950.00  16.67254  16.57406  15.97980  16.67254
  23050.00  16.69505  16.60185  15.98090  16.69505
  23150.00  16.69239  16.59830  15.98197  16.69239
  23250.00  16.65221  16.54753  15.98301  16.65221
  23350.00  16.67572  16.57767  15.98128  16.67572
  23450.00  16.66640  16.56499  15.98499  16.66640
  23550.00  16.62944  16.51749  15.98593  16.62944
  23650.00  16.65822  16.55489  15.98404  16.65822
  23750.00  16.64869  16.54253  15.98490  16.64869
  23850.00  16.62017  16.50552  15.98572  16.62017
  23950.00  16.64464  16.53609  15.98935  16.64464
  24050.00  16.64085  16.53182  15.98725  16.64085
  24150.00  16.61575  16.49816  15.99086  16.61575
  24250.00  16.63639  16.52483  15.99156  16.63639
  24350.00  16.63303  16.52027  15.99223  16.63303
  24450.00  16.61842  16.50194  15.98992  16.61842
  24550.00  16.62217  16.50576  15.99347  16.62217
  24650.00  16.63191  16.51828  15.99403  16.63191
  24750.00  16.62334  16.50696  15.99457  16.62334
  24850.00  16.61202  16.49193  15.99506  16.61202
  24950.00  16.62051  16.50295  15.99552  16.62051
  25050.00  16.63254  16.51852  15.99595  16.63254
  25150.00  16.60845  16.48681  15.99634  16.60845
  25250.00  16.62105  16.50330  15.99670  16.62105
  25350.00  16.62316  16.50499  16.00013  16.62316
  25450.00  16.61965  16.50028  16.00044  16.61965
  25550.00  16.61533  16.49450  16.00071  16.61533
  25650.00  16.61550  16.49465  16.00094  16.61550
  25750.00  16.62141  16.50238  16.00114  16.62141
  25850.00  16.60744  16.48280  16.00451  16.60744
  25950.00  16.61223  16.48911  16.00466  16.61223
  26050.00  16.61795  16.49665  16.00477  16.61795
  26150.00  16.60999  16.48608  16.00484  16.60999
  26250.00  16.60620  16.48101  16.00488  17.31942
  26350.00  16.61368  16.48989  16.00818  16.61368
  26450.00  16.61353  16.49078  16.00484  16.61353
  26550.00  16.60934  16.48413  16.00812  16.60934
  26650.00  16.60527  16.47871  16.00803  16.60527
  26750.00  16.61284  16.48773  16.01128  16.61284
  26850.00  16.61278  16.48883  16.00774  16.61278
  26950.00  16.60387  16.47584  16.01097  16.60387
  27050.00  16.61022  16.48441  16.01075  16.61022
  27150.00  16.60872  16.48132  16.01396  16.60872
  27250.00  16.61112  16.48463  16.01369  16.61112
  27350.00  16.60175  16.47092  16.01687  16.60175
  27450.00  16.60681  16.47786  16.01655  16.60681
  27550.00  16.60617  16.47835  16.01265  16.60617
  27650.00  16.60439  16.47487  16.01580  16.60439
  27750.00  16.59890  16.46761  16.01536  16.59890
  27850.00  16.60343  16.47263  16.01848  16.60343
  27950.00  16.60514  16.47512  16.01799  16.60514
  28050.00  16.60344  16.47173  16.02109  16.60344
  28150.00  16.59851  16.46523  16.02055  16.59851
  28250.00  16.60014  16.46633  16.02363  16.60014
  28350.00  16.60117  16.46927  16.01934  16.60117
  28450.00  16.59924  16.46556  16.02240  16.59924
  28550.00  16.59695  16.46268  16.02172  16.59695
  28650.00  16.59608  16.46040  16.02475  16.59608
  28750.00  16.59304  16.45650  16.02402  16.59304
  28850.00  16.59452  16.45742  16.02704  16.59452
  28950.00  16.59321  16.45592  16.02625  16.59321
  29050.00  16.59185  16.45435  16.02542  16.59185
  29150.00  16.59169  16.45302  16.02840  16.59169
  29250.00  16.58768  16.44635  16.03138  16.58768
  29350.00  16.59032  16.45035  16.03048  16.59032
  29450.00  16.58682  16.44587  16.02954  16.58682
  29550.00  16.58584  16.44338  16.03249  16.58584
  29650.00  16.58647  16.44311  16.03542  16.58647
  29750.00  16.58509  16.44157  16.03441  16.58509
  29850.00  16.58297  16.43747  16.03733  16.58297
  29950.00  16.58181  16.43627  16.03627  16.58181
  30050.00  16.58026  16.43294  16.03916  16.58026
  30150.00  16.58004  16.43308  16.03805  16.58004
  30250.00  16.57769  16.43025  16.03688  16.57769
  30350.00  16.57349  16.42316  16.03975  16.57349
  30450.00  16.57492  16.42568  16.03853  16.57492
  30550.00  16.57346  16.42414  16.03726  16.57346
  30650.00  16.57231  16.42134  16.04010  16.57231
  30750.00  16.57184  16.41950  16.04293  16.57184
  30850.00  16.56875  16.41567  16.04159  16.56875
  30950.00  16.56782  16.41315  16.04440  16.56782
  31050.00  16.56837  16.41273  16.04720  16.56837
  31150.00  16.56470  16.40808  16.04580  16.56470
  31250.00  16.56479  16.40700  16.04858  16.56479
  31350.00  16.56331  16.40551  16.04712  16.56331
  31450.00  16.56216  16.40264  16.04989  16.56216
  31550.00  16.56058  16.40007  16.05051  16.56058
  31650.00  16.55854  16.39724  16.05026  16.55854
  31750.00  16.55806  16.39706  16.04910  16.55806
  31850.00  16.55674  16.39350  16.05270  16.55674
  31950.00  16.55577  16.39265  16.05150  16.55577
  32100.00  16.55321  16.38825  16.05293  16.55321
  32300.00  16.55017  16.38335  16.05390  16.55017
  32500.00  16.54737  16.37902  16.05434  16.54737
  32700.00  16.54446  16.37325  16.05741  16.54446
  32900.00  16.52408  16.36586  16.00883  16.52408
  33100.00  16.52263  16.36350  16.00947  16.52263
  33300.00  16.51964  16.35869  16.01054  16.51964
  33500.00  16.51754  16.35520  16.01154  16.51754
  33700.00  16.51399  16.34960  16.01246  16.51399
  33900.00  16.51084  16.34434  16.01386  16.51084
  34100.00  16.50749  16.33906  16.01465  16.50749
  34300.00  16.50582  16.33625  16.01536  16.50582
  34500.00  16.50358  16.33235  16.01655  16.50358
  34700.00  16.50063  16.32742  16.01769  16.50063
  34900.00  16.49806  16.32307  16.01875  16.49806
  35100.00  16.49585  16.31953  16.01919  16.49585
  35300.00  16.49221  16.31329  16.02069  16.49221
  35500.00  16.49033  16.30999  16.02157  16.49033
  35700.00  16.48734  16.30505  16.02237  16.48734
  35900.00  16.48504  16.30084  16.02370  16.48504
  36100.00  16.48291  16.29721  16.02438  16.48291
  36300.00  16.48095  16.29387  16.02500  16.48095
  36500.00  16.47686  16.28694  16.02615  16.47686
  36700.00  16.47486  16.28323  16.02725  16.47486
  36900.00  16.47013  16.27562  16.02767  16.47013
  37100.00  16.46776  16.27133  16.02865  16.46776
  37300.00  16.46641  16.26832  16.03020  16.46641
  37500.00  16.46102  16.25928  16.03107  16.46102
  37700.00  16.46260  16.26131  16.03188  16.46260
  37900.00  16.45997  16.25667  16.03263  16.45997
  38100.00  16.45815  16.25295  16.03397  16.45815
  38300.00  16.45694  16.25063  16.03461  16.45694
  38500.00  16.45542  16.24741  16.03585  16.45542
  38700.00  16.45179  16.24121  16.03638  16.45179
  38900.00  16.45009  16.23773  16.03752  16.45009
  39100.00  16.44773  16.23360  16.03794  16.44773
  39300.00  16.44675  16.23091  16.03965  16.44675
  39500.00  16.44317  16.22435  16.04065  16.44317
  39700.00  16.44165  16.22167  16.04090  16.44165
  39900.00  16.43768  16.21446  16.04178  16.43768
  40100.00  16.43669  16.21224  16.04262  16.43669
  40300.00  16.43552  16.20926  16.04412  16.43552
  40500.00  16.43224  16.20371  16.04415  17.60020
  40700.00  16.43211  16.20250  16.04555  16.43211
  40900.00  16.43029  16.19845  16.04692  16.43029
  41100.00  16.42882  16.19552  16.04752  16.42882
  41300.00  16.42726  16.19245  16.04806  16.42726
  41500.00  16.42475  16.18778  16.04856  16.42475
  41700.00  16.42183  16.18130  16.05050  16.42183
  41900.00  16.42091  16.17938  16.05090  16.42091
  42100.00  16.41853  16.17440  16.05201  16.41853
  42300.00  16.41841  16.17396  16.05231  16.41841
  42500.00  16.41553  16.16811  16.05333  16.41553
  42700.00  16.41466  16.16580  16.05431  16.41466
  42900.00  16.39991  16.13788  16.05604  16.39991
  43100.00  16.38762  16.11503  16.05615  16.38762
  43300.00  16.39351  16.12527  16.05701  16.39351
  43500.00  16.38027  16.09965  16.05783  16.38027
  43700.00  16.37561  16.08924  16.05940  16.37561
  43900.00  16.37217  16.08264  16.05933  16.37217
  44100.00  16.35846  16.05401  16.06084  16.35846
  44300.00  16.36128  16.05901  16.06149  16.36128
  44500.00  16.35708  16.04991  16.06210  16.35708
  44700.00  16.33177  16.02908  16.03240  16.33177
  44900.00  16.33874  16.04268  16.03268  16.33874
  45100.00  16.33272  16.03045  16.03292  16.33272
  45300.00  16.32589  16.01453  16.03494  16.32589
  45500.00  16.33041  16.02360  16.03509  16.33041
  45700.00  16.32858  16.01977  16.03520  16.32858
  45900.00  16.31984  16.00172  16.03525  16.31984
  46100.00  16.32668  16.01383  16.03715  16.32668
  46300.00  16.32223  16.00468  16.03713  16.32223
  46500.00  16.32122  16.00161  16.03801  16.32122
  46700.00  16.32225  16.00388  16.03789  16.32225
  46900.00  16.32051  15.99937  16.03870  16.32051
  47100.00  16.31776  15.99274  16.03947  16.31776
  47300.00  16.32237  16.00161  16.04021  16.32237
  47500.00  16.31904  15.99383  16.04091  16.31904
  47700.00  16.31827  15.99147  16.04157  16.31827
  47900.00  16.31729  15.98867  16.04220  16.31729
  48100.00  16.31381  15.98053  16.04279  16.31381
  48300.00  16.31871  15.99155  16.04233  16.31871
  48500.00  16.31609  15.98420  16.04387  16.31609
  48700.00  16.31320  15.97741  16.04435  16.31320
  48900.00  16.31374  15.97806  16.04480  16.31374
  49100.00  16.31187  15.97352  16.04521  16.31187
  49300.00  16.31130  15.97182  16.04558  16.31130
  49500.00  16.30945  15.96610  16.04698  16.30945
  49700.00  16.31156  15.97037  16.04729  16.31156
  49900.00  16.30907  15.96326  16.04863  16.30907
  50100.00  16.31023  15.96555  16.04887  16.31023
  50300.00  16.30940  15.96347  16.04907  16.30940
  50500.00  16.30596  15.95424  16.05033  16.30596
  50700.00  16.30665  15.95561  16.05046  16.30665
  50900.00  16.30601  15.95405  16.05055  16.30601
  51100.00  16.30437  15.94889  16.05172  16.30437
  51300.00  16.30305  15.94586  16.05174  16.30305
  51500.00  16.30262  15.94344  16.05286  16.30262
  51700.00  16.30541  15.94841  16.05395  16.30541
  51900.00  16.30297  15.94295  16.05387  16.30297
  52100.00  16.30202  15.93942  16.05491  16.30202
  52300.00  16.30101  15.93729  16.05476  16.30101
  52500.00  16.30194  15.93815  16.05574  16.30194
  52700.00  16.30425  15.94375  16.05552  16.30425
  52900.00  16.29968  15.93198  16.05644  16.29968
  53100.00  16.29805  15.92856  16.05614  16.29805
  53300.00  16.29946  15.93070  16.05701  16.29946
  53500.00  16.29877  15.92796  16.05785  16.29877
  53700.00  16.29825  15.92397  16.05988  16.29825
  53900.00  16.29831  15.92470  16.05945  16.29831
  54100.00  16.29770  15.92389  16.05898  16.29770
  54300.00  16.29575  15.91653  16.06095  16.29575
  54500.00  16.29743  15.92127  16.06042  16.29743
  54700.00  16.29493  15.91260  16.06235  16.29493
  54900.00  16.29612  15.91454  16.06301  16.29612
  55100.00  16.29372  15.90965  16.06238  16.29372
  55300.00  16.29821  15.91782  16.06425  16.29821
  55500.00  16.29347  15.90736  16.06355  16.29347
  55700.00  16.29546  15.91141  16.06410  16.29546
  55900.00  16.29353  15.90411  16.06592  16.29353
  56100.00  16.29525  15.90758  16.06642  16.29525
  56300.00  16.29206  15.90098  16.06558  16.29206
  56500.00  16.29397  15.90310  16.06734  16.29397
  56700.00  16.29302  15.90015  16.06776  16.29302
  56900.00  16.29035  15.89293  16.06816  16.29035
  57100.00  16.29220  15.89698  16.06852  16.29220
  57300.00  16.29209  15.89621  16.06886  16.29209
  57500.00  16.29121  15.89151  16.07053  16.29121
  57700.00  16.29054  15.88938  16.07083  16.29054
  57900.00  16.29132  15.89093  16.07109  16.29132
  58100.00  16.29007  15.88742  16.07133  16.29007
  58300.00  16.28978  15.88638  16.07154  16.28978
  58500.00  16.27733  15.88291  16.05312  16.27733
  58700.00  16.27555  15.87845  16.05315  16.27555
  58900.00  16.27532  15.87787  16.05315  16.27532
  59100.00  16.27398  15.87455  16.05312  16.27398
  59300.00  16.27502  15.87501  16.05455  16.27502
  59500.00  16.27333  15.87085  16.05447  16.27333
  59700.00  16.27405  15.87285  16.05436  16.27405
  59900.00  16.27364  15.86971  16.05575  16.27364
  60100.00  16.27293  15.86814  16.05558  16.27293
  60300.00  16.27217  15.86651  16.05539  16.27217
  60500.00  16.27080  15.86095  16.05672  16.27080
  60700.00  16.27053  15.85818  16.05803  16.27053
  60900.00  16.26965  15.85633  16.05776  16.26965
  61100.00  16.26873  15.85441  16.05746  16.26873
  61300.00  16.26894  15.85295  16.05872  16.26894
  61500.00  16.26883  15.85065  16.05996  16.26883
  61700.00  16.26898  15.85167  16.05959  16.26898
  61900.00  16.26792  15.84954  16.05918  16.26792
  62100.00  16.26802  15.84787  16.06037  16.26802
  62300.00  16.26657  15.84481  16.05990  16.26657
  62500.00  16.26538  15.83975  16.06105  16.26538
  62700.00  16.26476  15.83896  16.06054  16.26476
  62900.00  16.26442  15.83897  16.05999  16.26442
  63100.00  16.26405  15.83334  16.06275  16.26405
  63300.00  16.26428  15.83496  16.06215  16.26428
  63500.00  16.26321  15.83028  16.06321  16.26321
  63700.00  16.26371  15.83273  16.06257  16.26371
  63900.00  16.26225  15.82702  16.06359  16.26225
  64200.00  16.26176  15.82458  16.06424  16.26176
  64600.00  16.26024  15.82002  16.06445  16.26024
  65000.00  16.25925  15.81707  16.06457  16.25925
  65400.00  16.25813  15.81074  16.06637  16.25813
  65800.00  16.25757  15.80602  16.06811  16.25757
  66200.00  16.25620  15.80237  16.06797  16.25620
  66600.00  16.25541  15.79748  16.06939  16.25541
  67000.00  16.25450  15.79337  16.07019  16.25450
  67400.00  16.25311  15.78901  16.07035  16.25311
  67800.00  16.25233  15.78369  16.07193  16.25233
  68200.00  16.25106  15.78069  16.07155  16.25106
  68600.00  16.25043  15.77636  16.07280  16.25043
  69000.00  16.24931  15.77063  16.07399  16.24931
  69400.00  16.24846  15.76579  16.07512  16.24846
  69800.00  16.24751  15.76152  16.07579  16.24751
  70200.00  16.24644  15.75742  16.07618  16.24644
  70600.00  16.24567  15.75353  16.07690  16.24567
  71000.00  16.24480  15.74813  16.07817  16.24480
  71400.00  16.24382  15.74556  16.07793  16.24382
  71800.00  16.24274  15.74192  16.07803  16.24274
  72200.00  16.24198  15.73717  16.07909  16.24198
  72600.00  16.24120  15.73152  16.08052  16.24120
  73000.00  16.24046  15.72698  16.08147  16.24046
  73400.00  16.23958  15.72256  16.08215  16.23958
  73800.00  16.23883  15.71867  16.08276  16.23883
  74200.00  16.22800  15.71345  16.06948  16.22800
  74600.00  16.22683  15.70829  16.07005  16.22683
  75000.00  16.22589  15.70347  16.07079  16.22589
  75400.00  16.22530  15.70045  16.07124  16.22530
  75800.00  16.22461  15.69670  16.07185  16.22461
  76200.00  16.22379  15.69260  16.07241  16.22379
  76600.00  16.22293  15.68788  16.07314  16.22293
  77000.00  16.22208  15.68330  16.07382  16.22208
  77400.00  16.22130  15.67965  16.07419  16.22130
  77800.00  16.22053  15.67496  16.07500  16.22053
  78200.00  16.21973  15.67087  16.07550  16.21973
  78600.00  16.21895  15.66697  16.07594  16.21895
  79000.00  16.21819  15.66196  16.07683  16.21819
  79400.00  16.21740  15.65827  16.07716  16.21740
  79800.00  16.21676  15.65385  16.07794  16.21676
  80200.00  16.21592  15.64951  16.07841  16.21592
  80600.00  16.21522  15.64511  16.07909  16.21522
  81000.00  16.21462  15.64117  16.07971  16.21462
  81400.00  16.21388  15.63682  16.08028  16.21388
  81800.00  16.21330  15.63318  16.08080  16.21330
  82200.00  16.21271  15.62960  16.08127  16.21271
  82600.00  16.21204  15.62508  16.08195  16.21204
  83000.00  16.21148  15.62108  16.08259  16.21148
  83400.00  16.21078  15.61665  16.08317  16.21078
  83800.00  16.21020  15.61278  16.08371  16.21020
  84200.00  16.20967  15.60924  16.08419  16.20967
  84600.00  16.20907  15.60554  16.08463  16.20907
  85000.00  16.20860  15.60072  16.08558  16.20860
  85400.00  16.20806  15.59747  16.08592  16.20806
  85800.00  16.20751  15.59345  16.08650  16.20751
  86200.00  16.20703  15.58981  16.08703  16.20703
  86600.00  16.20655  15.58535  16.08781  16.20655
  87000.00  16.20607  15.58195  16.08825  16.20607
  87400.00  16.20560  15.57772  16.08894  16.20560
  87800.00  16.20513  15.57362  16.08959  16.20513
  88200.00  16.20460  15.57035  16.08988  16.20460
  88600.00  16.20422  15.56582  16.09075  16.20422
  89000.00  16.20378  15.56214  16.09127  16.20378
  89400.00  16.20342  15.55789  16.09205  16.20342
  89800.00  16.20292  15.55423  16.09248  16.20292
  90200.00  16.20259  15.55141  16.09286  16.20259
  90600.00  16.20220  15.54734  16.09352  16.20220
  91000.00  16.20167  15.54391  16.09382  16.20167
  91400.00  16.19402  15.53965  16.08521  16.19402
  91800.00  16.19362  15.53616  16.08568  16.19362
  92200.00  16.19323  15.53290  16.08610  16.19323
  92600.00  16.19271  15.52913  16.08648  16.19271
  93000.00  16.19229  15.52596  16.08682  16.19229
  93400.00  16.19189  15.52178  16.08746  16.19189
  93800.00  16.19144  15.51873  16.08771  16.19144
  94200.00  16.19102  15.51463  16.08827  16.19102
  94600.00  16.19062  15.51078  16.08879  16.19062
  95000.00  16.19025  15.50719  16.08928  16.19025
  95400.00  16.18984  15.50483  16.08936  16.18984
  95800.00  16.18953  15.50042  16.09013  16.18953
  96200.00  16.18910  15.49684  16.09049  16.18910
  96600.00  16.18878  15.49399  16.09082  16.18878
  97000.00  16.18841  15.49103  16.09110  16.18841
  97400.00  16.18799  15.48646  16.09172  16.18799
  97800.00  16.18770  15.48264  16.09230  16.18770
  98200.00  16.18745  15.47913  16.09285  16.18745
  98600.00  16.18716  15.47550  16.09336  16.18716
  99000.00  16.18681  15.47332  16.09346  16.18681
  99400.00  16.18651  15.46993  16.09390  16.18651
  99800.00  16.18617  15.46641  16.09430  16.18617
 100200.00  16.18596  15.46209  16.09506  16.18596
 200000.00  16.12012  14.87316  16.09480  16.12012
 400000.00  16.10130 -99.00000  16.10130  16.10130
 600000.00  16.09776 -99.00000  16.09776  16.09776
 800000.00  16.09650 -99.00000  16.09650  16.09650
1000000.00  16.09592 -99.00000  16.09592  16.09592
1200000.00  16.09550 -99.00000  16.09550  16.09550
1400000.00  16.09532 -99.00000  16.09532  16.09532
1600000.00  16.09517 -99.00000  16.09517  16.09517
