#Blackbody from generate_blackbody_input.pro
#temperature =       3500.00
#radius (solar radii) =       2100.00
#
#wavelength [microns], luminosity [ergs s^-1 Hz^-1]
      0.09000   2.0291521e+09
      0.09090   3.1042917e+09
      0.09182   4.7276796e+09
      0.09274   7.1677040e+09
      0.09367   1.0819009e+10
      0.09462   1.6258493e+10
      0.09557   2.4326650e+10
      0.09653   3.6242481e+10
      0.09750   5.3764446e+10
      0.09848   7.9422388e+10
      0.09947   1.1683360e+11
      0.10047   1.7115812e+11
      0.10148   2.4971633e+11
      0.10250   3.6285500e+11
      0.10353   5.2513723e+11
      0.10457   7.5698256e+11
      0.10562   1.0868966e+12
      0.10669   1.5545224e+12
      0.10776   2.2147697e+12
      0.10884   3.1434055e+12
      0.10994   4.4445346e+12
      0.11104   6.2607601e+12
      0.11216   8.7865202e+12
      0.11329   1.2286044e+13
      0.11443   1.7117014e+13
      0.11558   2.3761704e+13
      0.11674   3.2868686e+13
      0.11791   4.5305866e+13
      0.11910   6.2231344e+13
      0.12029   8.5184741e+13
      0.12150   1.1620521e+14
      0.12273   1.5798624e+14
      0.12396   2.1406943e+14
      0.12521   2.8909900e+14
      0.12647   3.8914477e+14
      0.12774   5.2210442e+14
      0.12902   6.9824218e+14
      0.13032   9.3082650e+14
      0.13163   1.2369671e+15
      0.13295   1.6386572e+15
      0.13429   2.1640690e+15
      0.13564   2.8492113e+15
      0.13700   3.7398806e+15
      0.13838   4.8942476e+15
      0.13977   6.3858790e+15
      0.14118   8.3075803e+15
      0.14260   1.0776168e+16
      0.14403   1.3937866e+16
      0.14548   1.7975788e+16
      0.14694   2.3117971e+16
      0.14842   2.9647820e+16
      0.14991   3.7916892e+16
      0.15142   4.8359007e+16
      0.15294   6.1509368e+16
      0.15448   7.8025453e+16
      0.15603   9.8712605e+16
      0.15760   1.2455529e+17
      0.15919   1.5675308e+17
      0.16079   1.9676461e+17
      0.16240   2.4635761e+17
      0.16404   3.0766826e+17
      0.16569   3.8327359e+17
      0.16735   4.7627163e+17
      0.16904   5.9038066e+17
      0.17073   7.3004845e+17
      0.17245   9.0058273e+17
      0.17419   1.1083014e+18
      0.17594   1.3607058e+18
      0.17771   1.6666867e+18
      0.17949   2.0367511e+18
      0.18130   2.4832752e+18
      0.18312   3.0208267e+18
      0.18496   3.6664657e+18
      0.18682   4.4402301e+18
      0.18870   5.3654034e+18
      0.19060   6.4692447e+18
      0.19251   7.7833269e+18
      0.19445   9.3443062e+18
      0.19640   1.1194653e+19
      0.19838   1.3383258e+19
      0.20037   1.5966572e+19
      0.20239   1.9009435e+19
      0.20442   2.2586113e+19
      0.20648   2.6781856e+19
      0.20856   3.1693627e+19
      0.21065   3.7432254e+19
      0.21277   4.4123592e+19
      0.21491   5.1910378e+19
      0.21707   6.0954651e+19
      0.21925   7.1438678e+19
      0.22146   8.3568971e+19
      0.22368   9.7577366e+19
      0.22593   1.1372429e+20
      0.22821   1.3230162e+20
      0.23050   1.5363594e+20
      0.23282   1.7809228e+20
      0.23516   2.0607673e+20
      0.23752   2.3804128e+20
      0.23991   2.7448727e+20
      0.24232   3.1596987e+20
      0.24476   3.6310441e+20
      0.24722   4.1656892e+20
      0.24971   4.7710990e+20
      0.25222   5.4554860e+20
      0.25475   6.2278626e+20
      0.25732   7.0981202e+20
      0.25990   8.0770172e+20
      0.26252   9.1763707e+20
      0.26516   1.0409018e+21
      0.26782   1.1788888e+21
      0.27051   1.3331208e+21
      0.27323   1.5052320e+21
      0.27598   1.6970076e+21
      0.27876   1.9103613e+21
      0.28156   2.1473601e+21
      0.28439   2.4102385e+21
      0.28725   2.7013767e+21
      0.29014   3.0233472e+21
      0.29306   3.3788904e+21
      0.29600   3.7709441e+21
      0.29898   4.2026350e+21
      0.30199   4.6772855e+21
      0.30502   5.1984637e+21
      0.30809   5.7699150e+21
      0.31119   6.3956211e+21
      0.31432   7.0798107e+21
      0.31748   7.8269176e+21
      0.32067   8.6416504e+21
      0.32389   9.5289530e+21
      0.32715   1.0493996e+22
      0.33044   1.1542250e+22
      0.33376   1.2679364e+22
      0.33712   1.3911351e+22
      0.34051   1.5244404e+22
      0.34393   1.6685009e+22
      0.34739   1.8239901e+22
      0.35088   1.9916030e+22
      0.35441   2.1720694e+22
      0.35797   2.3661387e+22
      0.36157   2.5745827e+22
      0.36521   2.7981994e+22
      0.36888   3.0378120e+22
      0.37259   3.2942577e+22
      0.37634   3.5684124e+22
      0.38012   3.8611518e+22
      0.38394   4.1733831e+22
      0.38780   4.5060267e+22
      0.39170   4.8600149e+22
      0.39564   5.2363125e+22
      0.39962   5.6358741e+22
      0.40364   6.0596778e+22
      0.40770   6.5087069e+22
      0.41179   6.9839534e+22
      0.41594   7.4864021e+22
      0.42012   8.0170690e+22
      0.42434   8.5769416e+22
      0.42861   9.1670113e+22
      0.43292   9.7882768e+22
      0.43727   1.0441698e+23
      0.44167   1.1128267e+23
      0.44611   1.1848934e+23
      0.45059   1.2604638e+23
      0.45512   1.3396298e+23
      0.45970   1.4224802e+23
      0.46432   1.5091037e+23
      0.46899   1.5995850e+23
      0.47371   1.6940039e+23
      0.47847   1.7924386e+23
      0.48328   1.8949620e+23
      0.48814   2.0016476e+23
      0.49305   2.1125582e+23
      0.49801   2.2277565e+23
      0.50301   2.3472963e+23
      0.50807   2.4712317e+23
      0.51318   2.5996038e+23
      0.51834   2.7324588e+23
      0.52355   2.8698263e+23
      0.52882   3.0117355e+23
      0.53413   3.1582079e+23
      0.53950   3.3092565e+23
      0.54493   3.4648951e+23
      0.55041   3.6251189e+23
      0.55594   3.7899272e+23
      0.56153   3.9593031e+23
      0.56718   4.1332288e+23
      0.57288   4.3116746e+23
      0.57864   4.4946096e+23
      0.58446   4.6819862e+23
      0.59034   4.8737583e+23
      0.59627   5.0698644e+23
      0.60227   5.2702413e+23
      0.60832   5.4748165e+23
      0.61444   5.6835095e+23
      0.62062   5.8962300e+23
      0.62686   6.1128843e+23
      0.63316   6.3333671e+23
      0.63953   6.5575723e+23
      0.64596   6.7853792e+23
      0.65245   7.0166692e+23
      0.65901   7.2513067e+23
      0.66564   7.4891501e+23
      0.67233   7.7300686e+23
      0.67909   7.9739028e+23
      0.68592   8.2205020e+23
      0.69282   8.4697013e+23
      0.69979   8.7213361e+23
      0.70682   8.9752317e+23
      0.71393   9.2312171e+23
      0.72111   9.4891121e+23
      0.72836   9.7487267e+23
      0.73568   1.0009876e+24
      0.74308   1.0272363e+24
      0.75055   1.0536001e+24
      0.75810   1.0800587e+24
      0.76572   1.1065921e+24
      0.77342   1.1331801e+24
      0.78120   1.1598023e+24
      0.78905   1.1864375e+24
      0.79698   1.2130661e+24
      0.80500   1.2396674e+24
      0.81309   1.2662196e+24
      0.82127   1.2927028e+24
      0.82953   1.3190957e+24
      0.83787   1.3453786e+24
      0.84629   1.3715303e+24
      0.85480   1.3975308e+24
      0.86340   1.4233594e+24
      0.87208   1.4489965e+24
      0.88085   1.4744226e+24
      0.88970   1.4996183e+24
      0.89865   1.5245636e+24
      0.90768   1.5492408e+24
      0.91681   1.5736307e+24
      0.92603   1.5977157e+24
      0.93534   1.6214772e+24
      0.94475   1.6448990e+24
      0.95424   1.6679644e+24
      0.96384   1.6906563e+24
      0.97353   1.7129596e+24
      0.98332   1.7348579e+24
      0.99321   1.7563387e+24
      1.00319   1.7773852e+24
      1.01328   1.7979844e+24
      1.02347   1.8181250e+24
      1.03376   1.8377920e+24
      1.04415   1.8569760e+24
      1.05465   1.8756634e+24
      1.06526   1.8938449e+24
      1.07597   1.9115101e+24
      1.08679   1.9286489e+24
      1.09772   1.9452545e+24
      1.10875   1.9613161e+24
      1.11990   1.9768277e+24
      1.13116   1.9917826e+24
      1.14254   2.0061731e+24
      1.15402   2.0199953e+24
      1.16563   2.0332428e+24
      1.17735   2.0459113e+24
      1.18919   2.0579977e+24
      1.20114   2.0694977e+24
      1.21322   2.0804102e+24
      1.22542   2.0907316e+24
      1.23774   2.1004614e+24
      1.25019   2.1095989e+24
      1.26276   2.1181431e+24
      1.27545   2.1260945e+24
      1.28828   2.1334535e+24
      1.30123   2.1402221e+24
      1.31431   2.1464016e+24
      1.32753   2.1519943e+24
      1.34088   2.1570037e+24
      1.35436   2.1614319e+24
      1.36798   2.1652834e+24
      1.38173   2.1685621e+24
      1.39563   2.1712727e+24
      1.40966   2.1734201e+24
      1.42383   2.1750092e+24
      1.43815   2.1760465e+24
      1.45261   2.1765378e+24
      1.46722   2.1764891e+24
      1.48197   2.1759081e+24
      1.49687   2.1748011e+24
      1.51192   2.1731758e+24
      1.52712   2.1710397e+24
      1.54248   2.1684008e+24
      1.55799   2.1652675e+24
      1.57365   2.1616482e+24
      1.58948   2.1575508e+24
      1.60546   2.1529851e+24
      1.62160   2.1479597e+24
      1.63791   2.1424836e+24
      1.65438   2.1365662e+24
      1.67101   2.1302167e+24
      1.68781   2.1234458e+24
      1.70478   2.1162623e+24
      1.72192   2.1086760e+24
      1.73924   2.1006966e+24
      1.75673   2.0923351e+24
      1.77439   2.0836011e+24
      1.79223   2.0745044e+24
      1.81025   2.0650546e+24
      1.82845   2.0552630e+24
      1.84684   2.0451394e+24
      1.86541   2.0346937e+24
      1.88417   2.0239360e+24
      1.90311   2.0128770e+24
      1.92225   2.0015262e+24
      1.94157   1.9898938e+24
      1.96110   1.9779909e+24
      1.98082   1.9658257e+24
      2.00073   1.9534094e+24
      2.02085   1.9407514e+24
      2.04117   1.9278615e+24
      2.06169   1.9147501e+24
      2.08242   1.9014251e+24
      2.10336   1.8878979e+24
      2.12451   1.8741770e+24
      2.14587   1.8602719e+24
      2.16745   1.8461918e+24
      2.18924   1.8319448e+24
      2.21126   1.8175416e+24
      2.23349   1.8029902e+24
      2.25595   1.7882995e+24
      2.27863   1.7734774e+24
      2.30154   1.7585329e+24
      2.32468   1.7434744e+24
      2.34806   1.7283102e+24
      2.37167   1.7130473e+24
      2.39551   1.6976943e+24
      2.41960   1.6822585e+24
      2.44393   1.6667486e+24
      2.46850   1.6511705e+24
      2.49332   1.6355321e+24
      2.51839   1.6198406e+24
      2.54372   1.6041027e+24
      2.56929   1.5883255e+24
      2.59513   1.5725151e+24
      2.62122   1.5566784e+24
      2.64758   1.5408216e+24
      2.67420   1.5249504e+24
      2.70109   1.5090717e+24
      2.72825   1.4931901e+24
      2.75568   1.4773126e+24
      2.78339   1.4614441e+24
      2.81137   1.4455894e+24
      2.83964   1.4297544e+24
      2.86819   1.4139439e+24
      2.89703   1.3981632e+24
      2.92616   1.3824167e+24
      2.95559   1.3667088e+24
      2.98530   1.3510443e+24
      3.01532   1.3354271e+24
      3.04564   1.3198621e+24
      3.07626   1.3043529e+24
      3.10719   1.2889025e+24
      3.13844   1.2735163e+24
      3.16999   1.2581964e+24
      3.20187   1.2429475e+24
      3.23406   1.2277723e+24
      3.26658   1.2126738e+24
      3.29943   1.1976556e+24
      3.33260   1.1827198e+24
      3.36611   1.1678704e+24
      3.39996   1.1531097e+24
      3.43414   1.1384393e+24
      3.46867   1.1238629e+24
      3.50355   1.1093821e+24
      3.53878   1.0949998e+24
      3.57436   1.0807172e+24
      3.61030   1.0665372e+24
      3.64660   1.0524614e+24
      3.68327   1.0384914e+24
      3.72030   1.0246291e+24
      3.75771   1.0108759e+24
      3.79549   9.9723380e+23
      3.83366   9.8370361e+23
      3.87220   9.7028686e+23
      3.91114   9.5698485e+23
      3.95046   9.4379866e+23
      3.99019   9.3072960e+23
      4.03031   9.1777839e+23
      4.07083   9.0494543e+23
      4.11176   8.9223279e+23
      4.15311   8.7963983e+23
      4.19487   8.6716808e+23
      4.23704   8.5481800e+23
      4.27965   8.4258976e+23
      4.32268   8.3048417e+23
      4.36614   8.1850134e+23
      4.41005   8.0664202e+23
      4.45439   7.9490624e+23
      4.49918   7.8329368e+23
      4.54441   7.7180544e+23
      4.59011   7.6044070e+23
      4.63626   7.4920014e+23
      4.68288   7.3808345e+23
      4.72997   7.2709039e+23
      4.77752   7.1622154e+23
      4.82556   7.0547573e+23
      4.87408   6.9485349e+23
      4.92309   6.8435453e+23
      4.97259   6.7397793e+23
      5.02259   6.6372386e+23
      5.07309   6.5359191e+23
      5.12410   6.4358151e+23
      5.17563   6.3369215e+23
      5.22767   6.2392383e+23
      5.28023   6.1427551e+23
      5.33332   6.0474680e+23
      5.38695   5.9533715e+23
      5.44111   5.8604566e+23
      5.49582   5.7687227e+23
      5.55108   5.6781589e+23
      5.60690   5.5887575e+23
      5.66328   5.5005151e+23
      5.72022   5.4134205e+23
      5.77774   5.3274695e+23
      5.83583   5.2426529e+23
      5.89451   5.1589605e+23
      5.95378   5.0763879e+23
      6.01364   4.9949233e+23
      6.07411   4.9145618e+23
      6.13518   4.8352917e+23
      6.19687   4.7571048e+23
      6.25918   4.6799935e+23
      6.32212   4.6039466e+23
      6.38569   4.5289585e+23
      6.44989   4.4550175e+23
      6.51475   4.3821129e+23
      6.58025   4.3102373e+23
      6.64642   4.2393796e+23
      6.71325   4.1695327e+23
      6.78075   4.1006848e+23
      6.84893   4.0328272e+23
      6.91779   3.9659499e+23
      6.98735   3.9000413e+23
      7.05761   3.8350947e+23
      7.12857   3.7710962e+23
      7.20025   3.7080407e+23
      7.27265   3.6459155e+23
      7.34577   3.5847083e+23
      7.41963   3.5244138e+23
      7.49424   3.4650181e+23
      7.56959   3.4065138e+23
      7.64570   3.3488903e+23
      7.72258   3.2921348e+23
      7.80023   3.2362418e+23
      7.87866   3.1811975e+23
      7.95788   3.1269957e+23
      8.03789   3.0736241e+23
      8.11872   3.0210707e+23
      8.20035   2.9693293e+23
      8.28280   2.9183879e+23
      8.36609   2.8682385e+23
      8.45020   2.8188710e+23
      8.53517   2.7702726e+23
      8.62099   2.7224368e+23
      8.70768   2.6753524e+23
      8.79523   2.6290112e+23
      8.88367   2.5834034e+23
      8.97299   2.5385176e+23
      9.06322   2.4943452e+23
      9.15434   2.4508792e+23
      9.24639   2.4081079e+23
      9.33936   2.3660230e+23
      9.43327   2.3246146e+23
      9.52812   2.2838711e+23
      9.62392   2.2437889e+23
      9.72069   2.2043570e+23
      9.81843   2.1655648e+23
      9.91715   2.1274052e+23
      10.0169   2.0898655e+23
      10.1176   2.0529431e+23
      10.2193   2.0166261e+23
      10.3221   1.9809066e+23
      10.4259   1.9457755e+23
      10.5307   1.9112230e+23
      10.6366   1.8772446e+23
      10.7435   1.8438300e+23
      10.8516   1.8109706e+23
      10.9607   1.7786574e+23
      11.0709   1.7468857e+23
      11.1822   1.7156454e+23
      11.2946   1.6849291e+23
      11.4082   1.6547290e+23
      11.5229   1.6250355e+23
      11.6388   1.5958444e+23
      11.7558   1.5671469e+23
      11.8740   1.5389355e+23
      11.9934   1.5112025e+23
      12.1140   1.4839397e+23
      12.2358   1.4571420e+23
      12.3588   1.4308022e+23
      12.4831   1.4049121e+23
      12.6086   1.3794653e+23
      12.7354   1.3544534e+23
      12.8634   1.3298728e+23
      12.9928   1.3057151e+23
      13.1234   1.2819737e+23
      13.2554   1.2586422e+23
      13.3887   1.2357129e+23
      13.5233   1.2131819e+23
      13.6592   1.1910418e+23
      13.7966   1.1692863e+23
      13.9353   1.1479093e+23
      14.0754   1.1269039e+23
      14.2170   1.1062660e+23
      14.3599   1.0859890e+23
      14.5043   1.0660668e+23
      14.6501   1.0464938e+23
      14.7974   1.0272634e+23
      14.9462   1.0083720e+23
      15.0965   9.8981325e+22
      15.2483   9.7158142e+22
      15.4016   9.5367159e+22
      15.5565   9.3607720e+22
      15.7129   9.1879504e+22
      15.8709   9.0181921e+22
      16.0305   8.8514457e+22
      16.1917   8.6876593e+22
      16.3545   8.5267776e+22
      16.5189   8.3687709e+22
      16.6850   8.2135817e+22
      16.8528   8.0611635e+22
      17.0222   7.9114660e+22
      17.1934   7.7644414e+22
      17.3663   7.6200568e+22
      17.5409   7.4782614e+22
      17.7173   7.3390128e+22
      17.8954   7.2022655e+22
      18.0753   7.0679739e+22
      18.2571   6.9361060e+22
      18.4407   6.8066176e+22
      18.6261   6.6794659e+22
      18.8134   6.5546098e+22
      19.0025   6.4320070e+22
      19.1936   6.3116305e+22
      19.3866   6.1934355e+22
      19.5815   6.0773855e+22
      19.7784   5.9634410e+22
      19.9773   5.8515629e+22
      20.1782   5.7417270e+22
      20.3810   5.6338914e+22
      20.5860   5.5280207e+22
      20.7930   5.4240814e+22
      21.0020   5.3220343e+22
      21.2132   5.2218590e+22
      21.4265   5.1235162e+22
      21.6419   5.0269728e+22
      21.8596   4.9321952e+22
      22.0793   4.8391600e+22
      22.3014   4.7478329e+22
      22.5256   4.6581849e+22
      22.7521   4.5701836e+22
      22.9809   4.4837984e+22
      23.2119   4.3990082e+22
      23.4453   4.3157805e+22
      23.6811   4.2340887e+22
      23.9192   4.1539044e+22
      24.1597   4.0751984e+22
      24.4026   3.9979504e+22
      24.6480   3.9221324e+22
      24.8958   3.8477182e+22
      25.1461   3.7746830e+22
      25.3990   3.7029986e+22
      25.6544   3.6326485e+22
      25.9123   3.5636036e+22
      26.1728   3.4958426e+22
      26.4360   3.4293417e+22
      26.7018   3.3640746e+22
      26.9703   3.3000260e+22
      27.2415   3.2371712e+22
      27.5154   3.1754882e+22
      27.7921   3.1149564e+22
      28.0715   3.0555514e+22
      28.3538   2.9972587e+22
      28.6389   2.9400568e+22
      28.9268   2.8839240e+22
      29.2177   2.8288423e+22
      29.5115   2.7747888e+22
      29.8082   2.7217514e+22
      30.1079   2.6697083e+22
      30.4107   2.6186419e+22
      30.7164   2.5685337e+22
      31.0253   2.5193644e+22
      31.3372   2.4711220e+22
      31.6523   2.4237867e+22
      31.9706   2.3773410e+22
      32.2921   2.3317708e+22
      32.6168   2.2870557e+22
      32.9447   2.2431865e+22
      33.2760   2.2001441e+22
      33.6106   2.1579134e+22
      33.9485   2.1164803e+22
      34.2899   2.0758269e+22
      34.6346   2.0359444e+22
      34.9829   1.9968153e+22
      35.3346   1.9584262e+22
      35.6899   1.9207639e+22
      36.0488   1.8838124e+22
      36.4113   1.8475628e+22
      36.7774   1.8120006e+22
      37.1472   1.7771118e+22
      37.5207   1.7428848e+22
      37.8979   1.7093058e+22
      38.2790   1.6763661e+22
      38.6639   1.6440520e+22
      39.0526   1.6123516e+22
      39.4453   1.5812525e+22
      39.8420   1.5507460e+22
      40.2426   1.5208205e+22
      40.6472   1.4914644e+22
      41.0559   1.4626672e+22
      41.4687   1.4344172e+22
      41.8857   1.4067070e+22
      42.3068   1.3795249e+22
      42.7322   1.3528616e+22
      43.1619   1.3267070e+22
      43.5959   1.3010500e+22
      44.0342   1.2758844e+22
      44.4770   1.2511996e+22
      44.9242   1.2269864e+22
      45.3759   1.2032363e+22
      45.8322   1.1799390e+22
      46.2930   1.1570888e+22
      46.7585   1.1346760e+22
      47.2286   1.1126919e+22
      47.7035   1.0911291e+22
      48.1832   1.0699783e+22
      48.6676   1.0492340e+22
      49.1570   1.0288870e+22
      49.6513   1.0089308e+22
      50.1505   9.8935714e+21
      50.6548   9.7015828e+21
      51.1641   9.5132878e+21
      51.6785   9.3286109e+21
      52.1982   9.1474818e+21
      52.7230   8.9698313e+21
      53.2532   8.7955864e+21
      53.7886   8.6247026e+21
      54.3294   8.4571053e+21
      54.8757   8.2927328e+21
      55.4275   8.1315231e+21
      55.9848   7.9734093e+21
      56.5477   7.8183482e+21
      57.1163   7.6662729e+21
      57.6906   7.5171287e+21
      58.2707   7.3708605e+21
      58.8566   7.2274033e+21
      59.4484   7.0867200e+21
      60.0461   6.9487511e+21
      60.6499   6.8134444e+21
      61.2597   6.6807479e+21
      61.8757   6.5506087e+21
      62.4978   6.4229877e+21
      63.1263   6.2978321e+21
      63.7610   6.1750941e+21
      64.4021   6.0547308e+21
      65.0497   5.9366853e+21
      65.7037   5.8209285e+21
      66.3644   5.7074125e+21
      67.0316   5.5960919e+21
      67.7056   5.4869239e+21
      68.3864   5.3798659e+21
      69.0741   5.2748839e+21
      69.7686   5.1719355e+21
      70.4701   5.0709800e+21
      71.1786   4.9719815e+21
      71.8944   4.8748956e+21
      72.6173   4.7796960e+21
      73.3474   4.6863432e+21
      74.0849   4.5948009e+21
      74.8298   4.5050325e+21
      75.5823   4.4170012e+21
      76.3422   4.3306840e+21
      77.1098   4.2460398e+21
      77.8852   4.1630404e+21
      78.6683   4.0816471e+21
      79.4593   4.0018392e+21
      80.2583   3.9235814e+21
      81.0652   3.8468437e+21
      81.8803   3.7715981e+21
      82.7037   3.6978105e+21
      83.5352   3.6254601e+21
      84.3752   3.5545170e+21
      85.2236   3.4849539e+21
      86.0805   3.4167436e+21
      86.9460   3.3498564e+21
      87.8203   3.2842749e+21
      88.7033   3.2199680e+21
      89.5952   3.1569145e+21
      90.4960   3.0950878e+21
      91.4060   3.0344614e+21
      92.3251   2.9750198e+21
      93.2534   2.9167349e+21
      94.1910   2.8595861e+21
      95.1381   2.8035509e+21
      96.0947   2.7486045e+21
      97.0610   2.6947319e+21
      98.0369   2.6419102e+21
      99.0226   2.5901181e+21
      100.018   2.5393354e+21
      101.024   2.4895411e+21
      102.040   2.4407209e+21
      103.066   2.3928524e+21
      104.102   2.3459187e+21
      105.149   2.2999004e+21
      106.206   2.2547785e+21
      107.274   2.2105397e+21
      108.353   2.1671643e+21
      109.442   2.1246361e+21
      110.542   2.0829388e+21
      111.654   2.0420535e+21
      112.777   2.0019693e+21
      113.911   1.9626680e+21
      115.056   1.9241351e+21
      116.213   1.8863551e+21
      117.381   1.8493116e+21
      118.562   1.8129942e+21
      119.754   1.7773870e+21
      120.958   1.7424763e+21
      122.174   1.7082483e+21
      123.403   1.6746877e+21
      124.643   1.6417854e+21
      125.897   1.6095268e+21
      127.163   1.5779000e+21
      128.441   1.5468919e+21
      129.733   1.5164885e+21
      131.037   1.4866827e+21
      132.355   1.4574598e+21
      133.685   1.4288093e+21
      135.030   1.4007195e+21
      136.387   1.3731789e+21
      137.759   1.3461786e+21
      139.144   1.3197079e+21
      140.543   1.2937555e+21
      141.956   1.2683100e+21
      143.383   1.2433647e+21
      144.825   1.2189080e+21
      146.281   1.1949310e+21
      147.752   1.1714237e+21
      149.238   1.1483763e+21
      150.738   1.1257817e+21
      152.254   1.1036303e+21
      153.785   1.0819129e+21
      155.331   1.0606221e+21
      156.893   1.0397471e+21
      158.471   1.0192830e+21
      160.064   9.9922043e+20
      161.674   9.7955138e+20
      163.299   9.6026836e+20
      164.941   9.4136280e+20
      166.600   9.2282893e+20
      168.275   9.0465899e+20
      169.967   8.8684584e+20
      171.676   8.6938222e+20
      173.402   8.5226075e+20
      175.145   8.3547646e+20
      176.907   8.1902130e+20
      178.685   8.0288965e+20
      180.482   7.8707458e+20
      182.297   7.7156959e+20
      184.130   7.5636964e+20
      185.981   7.4146861e+20
      187.851   7.2686014e+20
      189.740   7.1253876e+20
      191.648   6.9849820e+20
      193.575   6.8473403e+20
      195.521   6.7124049e+20
      197.487   6.5801225e+20
      199.473   6.4504385e+20
      201.479   6.3232986e+20
      203.504   6.1986639e+20
      205.551   6.0764809e+20
      207.617   5.9566984e+20
      209.705   5.8392716e+20
      211.814   5.7241496e+20
      213.943   5.6112963e+20
      216.094   5.5006615e+20
      218.267   5.3922051e+20
      220.462   5.2858814e+20
      222.679   5.1816438e+20
      224.918   5.0794623e+20
      227.179   4.9792908e+20
      229.463   4.8810917e+20
      231.771   4.7848235e+20
      234.101   4.6904447e+20
      236.455   4.5979292e+20
      238.833   4.5072339e+20
      241.234   4.4183240e+20
      243.660   4.3311653e+20
      246.110   4.2457164e+20
      248.584   4.1619550e+20
      251.084   4.0798422e+20
      253.608   3.9993455e+20
      256.158   3.9204344e+20
      258.734   3.8430736e+20
      261.336   3.7672397e+20
      263.963   3.6929001e+20
      266.617   3.6200241e+20
      269.298   3.5485839e+20
      272.006   3.4785468e+20
      274.741   3.4098920e+20
      277.503   3.3425912e+20
      280.294   3.2766161e+20
      283.112   3.2119373e+20
      285.959   3.1485358e+20
      288.834   3.0863840e+20
      291.738   3.0254563e+20
      294.672   2.9657298e+20
      297.635   2.9071776e+20
      300.627   2.8497812e+20
      303.650   2.7935175e+20
      306.703   2.7383621e+20
      309.787   2.6842932e+20
      312.902   2.6312884e+20
      316.048   2.5793309e+20
      319.226   2.5283975e+20
      322.436   2.4784689e+20
      325.678   2.4295236e+20
      328.953   2.3815419e+20
      332.260   2.3345081e+20
      335.601   2.2884022e+20
      338.975   2.2432053e+20
      342.384   2.1989000e+20
      345.826   2.1554661e+20
      349.304   2.1128907e+20
      352.816   2.0711556e+20
      356.363   2.0302434e+20
      359.946   1.9901379e+20
      363.566   1.9508215e+20
      367.221   1.9122835e+20
      370.914   1.8745051e+20
      374.643   1.8374720e+20
      378.410   1.8011698e+20
      382.215   1.7655817e+20
      386.058   1.7306981e+20
      389.940   1.6965024e+20
      393.861   1.6629819e+20
      397.821   1.6301224e+20
      401.821   1.5979099e+20
      405.862   1.5663348e+20
      409.942   1.5353827e+20
      414.064   1.5050415e+20
      418.228   1.4752993e+20
      422.433   1.4461423e+20
      426.681   1.4175628e+20
      430.971   1.3895471e+20
      435.304   1.3620847e+20
      439.681   1.3351642e+20
      444.102   1.3087739e+20
      448.568   1.2829058e+20
      453.078   1.2575486e+20
      457.633   1.2326917e+20
      462.235   1.2083259e+20
      466.883   1.1844400e+20
      471.577   1.1610268e+20
      476.319   1.1380759e+20
      481.108   1.1155783e+20
      485.945   1.0935250e+20
      490.832   1.0719060e+20
      495.767   1.0507149e+20
      500.752   1.0299425e+20
      505.787   1.0095804e+20
      510.873   9.8961945e+19
      516.010   9.7005360e+19
      521.198   9.5087443e+19
      526.438   9.3207394e+19
      531.732   9.1364477e+19
      537.078   8.9557870e+19
      542.479   8.7787048e+19
      547.933   8.6051214e+19
      553.443   8.4349667e+19
      559.007   8.2681728e+19
      564.628   8.1046675e+19
      570.306   7.9443976e+19
      576.040   7.7872997e+19
      581.832   7.6333013e+19
      587.682   7.4823462e+19
      593.591   7.3343667e+19
      599.560   7.1893191e+19
      605.588   7.0471371e+19
      611.677   6.9077655e+19
      617.828   6.7711464e+19
      624.040   6.6372221e+19
      630.315   6.5059494e+19
      636.652   6.3772721e+19
      643.054   6.2511363e+19
      649.520   6.1274951e+19
      656.051   6.0062896e+19
      662.647   5.8874889e+19
      669.310   5.7710343e+19
      676.040   5.6568811e+19
      682.837   5.5449838e+19
      689.703   5.4352931e+19
      696.638   5.3277770e+19
      703.643   5.2223850e+19
      710.718   5.1190779e+19
      717.864   5.0178113e+19
      725.082   4.9185417e+19
      732.373   4.8212402e+19
      739.737   4.7258622e+19
      747.175   4.6323701e+19
      754.687   4.5407262e+19
      762.276   4.4508882e+19
      769.941   4.3628323e+19
      777.682   4.2765171e+19
      785.502   4.1919075e+19
      793.400   4.1089731e+19
      801.378   4.0276717e+19
      809.435   3.9479830e+19
      817.574   3.8698704e+19
      825.795   3.7933026e+19
      834.098   3.7182476e+19
      842.485   3.6446738e+19
      850.956   3.5725584e+19
      859.512   3.5018695e+19
      868.154   3.4325784e+19
      876.883   3.3646568e+19
      885.701   3.2980757e+19
      894.606   3.2328139e+19
      903.602   3.1688402e+19
      912.688   3.1061350e+19
      921.865   3.0446694e+19
      931.134   2.9844198e+19
      940.496   2.9253620e+19
      949.953   2.8674723e+19
      959.504   2.8107274e+19
      969.152   2.7551048e+19
      978.896   2.7005821e+19
      988.739   2.6471386e+19
      998.682   2.5947461e+19
      1008.72   2.5433956e+19
      1018.87   2.4930604e+19
      1029.11   2.4437208e+19
      1039.46   2.3953580e+19
      1049.91   2.3479516e+19
      1060.47   2.3014826e+19
      1071.13   2.2559334e+19
      1081.90   2.2112846e+19
      1092.78   2.1675191e+19
      1103.77   2.1246150e+19
      1114.86   2.0825645e+19
      1126.07   2.0413457e+19
      1137.40   2.0009425e+19
      1148.83   1.9613385e+19
      1160.38   1.9225180e+19
      1172.05   1.8844653e+19
      1183.84   1.8471663e+19
      1195.74   1.8106043e+19
      1207.76   1.7747661e+19
      1219.91   1.7396332e+19
      1232.17   1.7051993e+19
      1244.56   1.6714466e+19
      1257.08   1.6383613e+19
      1269.72   1.6059309e+19
      1282.48   1.5741425e+19
      1295.38   1.5429826e+19
      1308.40   1.5124395e+19
      1321.56   1.4825011e+19
      1334.85   1.4531515e+19
      1348.27   1.4243860e+19
      1361.83   1.3961896e+19
      1375.52   1.3685511e+19
      1389.35   1.3414598e+19
      1403.32   1.3149045e+19
      1417.43   1.2888745e+19
      1431.68   1.2633600e+19
      1446.08   1.2383500e+19
      1460.62   1.2138350e+19
      1475.30   1.1898025e+19
      1490.14   1.1662484e+19
      1505.12   1.1431602e+19
      1520.26   1.1205292e+19
      1535.54   1.0983459e+19
      1550.98   1.0766017e+19
      1566.58   1.0552880e+19
      1582.33   1.0343956e+19
      1598.24   1.0139172e+19
      1614.31   9.9384367e+18
      1630.54   9.7416578e+18
      1646.94   9.5487923e+18
      1663.49   9.3597438e+18
      1680.22   9.1744363e+18
      1697.12   8.9927975e+18
      1714.18   8.8147550e+18
      1731.42   8.6402336e+18
      1748.82   8.4691672e+18
      1766.41   8.3014885e+18
      1784.17   8.1371263e+18
      1802.11   7.9760029e+18
      1820.23   7.8180837e+18
      1838.53   7.6632904e+18
      1857.02   7.5115624e+18
      1875.69   7.3628380e+18
      1894.55   7.2170561e+18
      1913.60   7.0741610e+18
      1932.84   6.9340928e+18
      1952.27   6.7967975e+18
      1971.90   6.6622223e+18
      1991.73   6.5302949e+18
      2011.76   6.4009942e+18
      2031.99   6.2742502e+18
      2052.42   6.1500185e+18
      2073.06   6.0282444e+18
      2093.90   5.9088808e+18
      2114.95   5.7918799e+18
      2136.22   5.6771965e+18
      2157.70   5.5647840e+18
      2179.39   5.4545948e+18
      2201.31   5.3465752e+18
      2223.44   5.2407061e+18
      2245.80   5.1369340e+18
      2268.38   5.0352156e+18
      2291.19   4.9355110e+18
      2314.23   4.8377806e+18
      2337.50   4.7419844e+18
      2361.00   4.6480837e+18
      2384.74   4.5560442e+18
      2408.72   4.4658248e+18
      2432.94   4.3773839e+18
      2457.40   4.2907025e+18
      2482.11   4.2057371e+18
      2507.07   4.1224544e+18
      2532.27   4.0408201e+18
      2557.74   3.9608025e+18
      2583.45   3.8823680e+18
      2609.43   3.8054875e+18
      2635.67   3.7301282e+18
      2662.17   3.6562543e+18
      2688.94   3.5838498e+18
      2715.98   3.5128800e+18
      2743.28   3.4433142e+18
      2770.87   3.3751262e+18
      2798.73   3.3082886e+18
      2826.87   3.2427742e+18
      2855.29   3.1785562e+18
      2884.00   3.1156105e+18
      2913.00   3.0539107e+18
      2942.29   2.9934264e+18
      2971.88   2.9341466e+18
      3001.76   2.8760393e+18
      3031.94   2.8190833e+18
      3062.43   2.7632547e+18
      3093.22   2.7085324e+18
      3124.32   2.6548930e+18
      3155.73   2.6023156e+18
      3187.46   2.5507795e+18
      3219.51   2.5002637e+18
      3251.89   2.4507427e+18
      3284.59   2.4022080e+18
      3317.61   2.3546343e+18
      3350.97   2.3080026e+18
      3384.66   2.2622939e+18
      3418.70   2.2174901e+18
      3453.07   2.1735742e+18
      3487.79   2.1305277e+18
      3522.86   2.0883333e+18
      3558.28   2.0469749e+18
      3594.06   2.0064307e+18
      3630.20   1.9666937e+18
      3666.70   1.9277435e+18
      3703.57   1.8895651e+18
      3740.81   1.8521427e+18
      3778.42   1.8154609e+18
      3816.41   1.7795057e+18
      3854.79   1.7442625e+18
      3893.54   1.7097171e+18
      3932.69   1.6758556e+18
      3972.24   1.6426614e+18
      4012.18   1.6101280e+18
      4052.52   1.5782389e+18
      4093.27   1.5469813e+18
      4134.43   1.5163428e+18
      4176.00   1.4863112e+18
      4217.99   1.4568734e+18
      4260.40   1.4280195e+18
      4303.23   1.3997370e+18
      4346.50   1.3720138e+18
      4390.21   1.3448374e+18
      4434.35   1.3182017e+18
      4478.94   1.2920939e+18
      4523.98   1.2665025e+18
      4569.46   1.2414183e+18
      4615.41   1.2168310e+18
      4661.81   1.1927306e+18
      4708.69   1.1691074e+18
      4756.03   1.1459516e+18
      4803.85   1.1232550e+18
      4852.16   1.1010051e+18
      4900.95   1.0791985e+18
      4950.23   1.0578236e+18
      5000.00   1.0368722e+18
